# 2019-09-17 12:12:17.068642
# resolution = 4
# velocity = 3
# LP filter = 5
# HP filter = 2
# gain = 1

# direction: 0
-29
-25
-20
-14
-13
-7
0
0
4
7
1
0
-3
-3
-7
-8
-17
-19
-24
-20
-19
-14
-15
-16
-19
-13
-8
-4
-3
-1
-3
2
2
-2
-7
-11
-10
-16
-12
-10
-10
-12
-16
-21
-23
-19
-15
-15
-6
-3
2
1
-3
-1
-5
-3
-3
-4
-7
-6
-11
-17
-15
-18
-20
-13
-16
-21
-14
-13
-10
-2
-3
-5
-5
-4
-3
-8
-9
-8
-10
-11
-13
-10
-11
-20
-19
-19
-21
-16
-12
-8
-13
-8
-5
-1
1
5
4
2
-6
-5
-9
-14
-19
-22
-25
-23
-21
-17
-19
-10
-5
-7
0
9
8
3
0
-2
-7
-9
-13
-10
-15
-19
-23
-25
-25
-23
-11
-8
-1
-5
-4
1
2
4
4
3
-3
-9
-19
-23
-22
-20
-21
-19
-18
-15
-14
-11
-5
-4
-3
6
4
1
-4
-11
-12
-13
-15
-19
-23
-24
-18
-9
-10
-9
-3
0
-1
-2
-4
0
1
0
-5
-9
-11
-20
-25
-22
-25
-20
-18
-14
-7
-12
-12
-5
2
2
0
-1
0
0
-5
-6
-13
-16
-11
-16
-19
-18
-15
-11
-13
-15
-8
-5
-7
-2
-2
0
0
2
0
-9
-17
-17
-19
-25
-28
-24
-20
-15
-12
-13
-13
-11
0
5
3
6
2
-2
-6
-7
-10
-16
-21
-21
-19
-20
-20
-18
-12
-9
-6
3
9
8
7
3
-5
-10
-10
-17
-21
-24
-22
-20
-22
-19
-14
-11
-8
-5
1
5
3
-1
-2
-1
-4
-9
-14
-17
-24
-22
-20
-24
-27
-17
-10
-8
0
7
7
13
11
7
0
-6
-12
-20
-20
-20
-23
-22
-28
-28
-24
-16
-13
-1
3
3
4
0
-3
1
1
-1
-1
-9
-15
-20
-24
-25
-24
-17
-11
-5
-5
-8
-7
-5
-5
-4
-5
-13
-17
-15
-17
-15
-10
-10
-5
-2
-1
-2
-3
-7
-11
-14
-14
-14
-15
-11
-15
-24
-18
-14
-9
-9
-1
6
7
8
8
2
-7
-6
-9
-12
-23
-32
-36
-33
-33
-29
-21
-10
1
4
8
20
23
19
13
10
1
-17
-26
-35
-38
-38
-38
-33
-24
-18
-16
-13
-4
3
11
21
19
10
4
-4
-8
-12
-15
-20
-27
-28
-27
-24
-21
-16
-12
-8
-5
0
0
-4
-2
-1
-2
-2
-2
-2
-6
-14
-13
-16
-21
-16
-14
-13
-12
-13
-18
-22
-24
-16
-10
-7
2
7
9
7
5
4
0
-2
-11
-17
-14
-21
-24
-29
-33
-32
-27
-19
-7
1
9
10
12
11
10
11
0
-12
-17
-18
-24
-29
-34
-29
-23
-24
-18
-9
-6
1
7
6
7
9
5
-3
-14
-16
-20
-19
-21
-16
-12
-12
-12
-16
-17
-9
-5
-9
-11
-6
-6
-9
-7
-5
-7
-9
-11
-4
-3
-5
-10
-13
-13
-12
-7
-10
-17
-17
-16
-15
-16
-14
-12
-14
-10
-3
-4
-5
-7
-7
-2
-1
-7
-6
-11
-10
-11
-13
-14
-14
-14
-16
-18
-19
-17
-14
-11
-5
-2
4
8
7
5
3
-4
-14
-11
-10
-15
-20
-18
-22
-25
-25
-21
-16
-8
-4
-1
-1
4
10
3
1
-3
-10
-11
-8
-16
-28
-28
-24
-20
-16
-16
-3
2
3
3
1
-2
-1
-6
-12
-19
-19
-23
-25
-21
-15
-15
-11
-4
-2
3
10
9
10
8
-1
-18
-29
-28
-26
-29
-26
-23
-19
-11
-8
3
7
10
16
14
11
4
-10
-17
-21
-28
-34
-36
-34
-28
-23
-23
-15
-6
5
19
21
19
18
13
3
-4
-13
-24
-25
-30
-32
-40
-40
-28
-18
-6
0
4
8
9
13
12
9
5
4
-4
-17
-28
-36
-40
-30
-23
-17
-8
-11
-12
-5
-5
-1
3
10
10
2
-4
-14
-19
-27
-31
-27
-16
-12
-12
-13
-9
-6
0
0
2
3
-2
-9
-12
-11
-15
-17
-17
-17
-18
-13
-12
-10
-10
3
9
10
4
-2
-4
-9
-17
-26
-28
-25
-21
-20
-17
-13
-7
-7
-2
3
5
6
6
0
-8
-10
-15
-24
-22
-19
-20
-21
-28
-25
-14
-1
3
6
6
12
12
7
3
-6
-11
-16
-17
-26
-35
-34
-33
-27
-26
-15
-5
4
15
14
11
11
8
-4
-5
-11
-13
-19
-27
-32
-38
-32
-30
-24
-13
-4
3
11
11
14
12
9
8
1
-7
-11
-19
-28
-35
-37
-39
-34
-22
-10
-5
-2
2
9
19
21
24
21
6
-9
-20
-26
-31
-35
-37
-37
-38
-33
-23
-11
-6
2
14
21
27
23
17
8
-7
-19
-21
-25
-30
-34
-37
-41
-32
-22
-15
-6
2
7
14
19
14
8
5
1
0
-12
-26
-38
-41
-39
-33
-23
-20
-13
-3
-1
-1
6
14
19
10
4
-1
-4
-11
-15
-18
-25
-26
-26
-23
-18
-14
-8
-2
1
1
6
6
0
-6
-10
-14
-19
-19
-20
-17
-10
-9
-13
-15
-8
-5
1
1
-1
-6
-8
-10
-17
-20
-18
-20
-12
-11
-8
-11
-4
-1
-1
-5
0
-2
-2
-7
-15
-17
-17
-23
-23
-17
-17
-18
-17
-8
-8
-6
4
6
2
-1
-2
-6
-5
-6
-8
-19
-21
-21
-23
-26
-24
-15
-8
-3
0
2
4
2
5
3
-7
-10
-9
-10
-13
-21
-22
-26
-24
-21
-16
-11
-8
-5
-6
-7
-3
1
6
4
1
-4
-12
-12
-13
-12
-17
-20
-24
-25
-22
-18
-10
-8
-4
-3
1
3
5
5
0
-1
-4
-13
-16
-17
-22
-29
-23
-22
-25
-22
-18
-6
4
6
3
7
6
5
5
0
-7
-6
-11
-21
-31
-31
-29
-19
-14
-12
-13
-10
-4
0
0
2
-3
-1
-4
-10
-15
-13
-14
-16
-16
-15
-18
-10
-10
-10
-6
-4
-3
-4
-3
-5
-4
-7
-11
-16
-15
-14
-12
-12
-10
-14
-14
-7
-4
-6
-7
-9
-12
-11
-12
-10
-8
-14
-15
-14
-8
-6
-6
-11
-8
-10
-2
1
-3
-8
-9
-12
-18
-20
-18
-18
-16
-12
-10
-11
-1
0
-3
-10
-6
-2
-4
-9
-10
-6
-14
-18
-17
-17
-13
-9
-11
-11
-8
-6
-4
-4
-3
-13
-12
-9
-5
-4
-6
-9
-12
-13
-14
-13
-16
-14
-10
-5
-10
-14
-15
-12
-6
-7
-6
-10
-11
-8
-6
-8
-5
0
2
0
-5
-9
-16
-20
-18
-23
-26
-21
-17
-13
-11
-14
-9
-1
5
0
1
8
9
2
-8
-9
-17
-29
-25
-23
-24
-19
-22
-17
-12
-1
3
3
7
8
4
-1
1
-3
-12
-16
-17
-24
-31
-26
-23
-19
-13
-13
-11
-12
-10
-2
4
8
9
8
6
2
-9
-15
-23
-28
-31
-27
-20
-10
-7
-11
-6
-2
-3
-2
3
4
-3
-7
-9
-14
-22
-25
-20
-17
-10
-5
-7
-12
-11
-5
0
2
5
-3
-7
-15
-14
-17
-19
-15
-14
-20
-16
-10
-11
-10
-8
-7
-4
-4
1
-4
-9
-17
-18
-18
-11
-11
-15
-13
-8
-11
-10
-9
-2
2
-1
-2
-8
-10
-11
-16
-10
-11
-9
-10
-12
-14
-10
-9
-6
0
1
-6
-10
-10
-14
-21
-18
-13
-11
-14
-12
-8
-9
-6
-4
-5
-2
1
-1
-2
-6
-9
-17
-20
-26
-27
-19
-15
-13
-12
-10
-13
-6
8
10
5
2
-3
-4
-8
-16
-25
-31
-30
-23
-19
-13
-9
-5
-5
1
-1
2
2
5
4
2
-3
-12
-21
-22
-25
-28
-27
-22
-18
-16
-9
-2
-2
-3
2
2
2
0
-4
-7
-9
-13
-9
-11
-13
-17
-14
-15
-14
-19
-12
-3
-5
-11
-11
-16
-17
-12
-9
-4
-5
-4
-1
-1
-7
-8
-7
-5
-7
-3
-9
-15
-25
-27
-24
-19
-11
-5
-7
-8
-4
2
-2
-1
3
1
-4
-7
-9
-16
-23
-23
-20
-17
-14
-15
-19
-16
-10
-5
-4
-2
3
-3
-2
-2
-3
-6
-5
-5
-11
-12
-14
-16
-23
-29
-30
-26
-16
-9
-10
-7
-5
-4
0
2
0
1
0
2
-3
-11
-15
-19
-18
-16
-15
-18
-20
-17
-15
-14
-7
1
10
13
11
2
-7
-13
-16
-23
-24
-25
-20
-19
-20
-21
-19
-7
-2
4
8
13
13
2
-6
-10
-17
-15
-20
-21
-27
-31
-26
-20
-9
1
4
5
11
9
4
0
-5
-12
-16
-18
-21
-29
-30
-28
-28
-22
-12
-2
1
11
14
14
12
6
-2
-3
-4
-19
-30
-33
-37
-35
-32
-24
-16
-15
-7
1
9
10
7
6
9
8
-5
-9
-20
-19
-22
-27
-26
-24
-23
-15
-9
-7
0
6
3
0
0
-1
-11
-11
-8
-20
-25
-19
-16
-13
-11
-10
-4
-1
5
1
-2
0
-7
-13
-13
-17
-18
-21
-18
-18
-19
-15
-5
1
0
3
1
7
2
-6
-12
-12
-17
-27
-29
-25
-27
-22
-23
-20
-11
-4
9
14
21
24
19
10
0
-10
-21
-34
-39
-46
-45
-43
-39
-27
-14
-9
6
21
32
36
27
23
17
4
-15
-21
-32
-44
-54
-50
-48
-44
-33
-20
-4
12
21
27
37
35
32
22
11
-6
-25
-41
-47
-52
-55
-45
-38
-31
-18
-4
4
20
30
30
31
27
14
0
-9
-15
-23
-34
-39
-46
-43
-35
-25
-14
-4
-4
3
8
10
9
9
7
-2
-14
-14
-13
-17
-22
-15
-12
-13
-14
-12
-13
-13
-18
-12
-13
-15
-16
-15
-9
-4
-3
1
8
6
-1
-2
-2
-8
-15
-17
-22
-21
-21
-25
-25
-25
-19
-16
-5
1
4
11
9
8
6
-1
-7
-7
-13
-21
-25
-30
-27
-24
-22
-16
-10
-7
-2
1
5
2
-2
3
3
-6
-12
-13
-16
-14
-15
-18
-18
-15
-8
-6
-10
-18
-16
-17
-15
-9
-8
-9
-8
-4
-2
-1
2
1
0
-4
-9
-11
-19
-19
-23
-27
-19
-16
-18
-13
-6
-3
-1
5
11
11
7
2
-4
-9
-18
-26
-29
-26
-31
-29
-24
-21
-15
-6
1
7
10
11
9
1
-3
-9
-9
-12
-16
-30
-28
-24
-24
-16
-9
-3
4
5
7
3
-2
-1
1
-3
-11
-15
-18
-22
-26
-32
-25
-19
-11
-8
-10
-3
0
-1
1
6
10
2
-3
-11
-15
-19
-18
-23
-21
-16
-20
-22
-20
-12
-7
5
5
6
2
-5
-11
-9
-12
-9
-13
-18
-21
-19
-19
-22
-15
-9
-6
-4
-3
-3
-4
-4
-2
-3
-4
-3
-6
-9
-13
-21
-19
-15
-18
-13
-5
-7
-8
-6
-8
-3
-5
-11
-10
-6
-7
-9
-16
-21
-20
-15
-7
-5
-3
-3
-9
-11
-9
-10
-6
-2
-6
-10
-14
-17
-21
-20
-14
-8
-10
-12
-8
-8
-9
-3
3
1
3
0
-3
-9
-12
-16
-20
-27
-24
-20
-22
-19
-16
-11
-7
0
4
5
2
6
7
1
-3
-10
-14
-17
-21
-20
-23
-27
-22
-13
-13
-12
-7
-1
1
-2
0
-2
-3
-6
-7
-4
-5
-11
-18
-19
-19
-19
-18
-15
-11
-5
-4
-5
-2
-5
-6
-7
-10
-15
-15
-13
-12
-12
-16
-13
-9
1
-2
-3
1
2
0
-7
-16
-20
-21
-24
-28
-25
-21
-22
-21
-10
0
8
13
14
14
12
12
0
-17
-27
-26
-26
-34
-37
-39
-37
-26
-20
-12
2
14
18
23
27
27
20
12
-7
-17
-21
-28
-35
-43
-50
-48
-41
-26
-12
1
13
20
24
21
23
18
8
3
-5
-15
-31
-35
-46
-51
-46
-40
-31
-14
0
9
11
12
20
24
26
17
7
-8
-14
-22
-33
-36
-35
-33
-34
-29
-24
-18
-9
-2
8
19
22
23
11
3
-1
-8
-15
-21
-22
-26
-32
-36
-35
-31
-24
-12
-3
2
6
11
13
10
6
3
3
0
-9
-17
-25
-35
-37
-30
-27
-21
-13
-10
-6
-3
1
5
13
21
14
9
2
-14
-19
-26
-31
-32
-26
-28
-29
-27
-20
-12
-4
5
10
16
19
15
12
4
-9
-17
-17
-15
-26
-37
-37
-34
-26
-16
-14
-3
3
4
6
11
11
12
12
7
-9
-19
-26
-32
-32
-35
-31
-31
-29
-21
-15
-13
-7
8
12
16
18
12
7
2
-5
-4
-9
-13
-17
-25
-38
-37
-27
-21
-19
-11
-9
-3
3
6
8
4
4
5
5
7
-4
-10
-23
-24
-23
-22
-24
-22
-20
-17
-17
-16
-10
-4
-1
1
1
2
-3
-5
0
-3
-8
-19
-16
-12
-15
-14
-13
-14
-16
-18
-13
-17
-16
-13
-10
-10
-3
4
5
-1
-1
3
5
5
1
-6
-14
-21
-31
-34
-33
-35
-35
-36
-26
-17
0
8
18
19
23
29
25
16
5
-13
-26
-29
-34
-43
-44
-46
-42
-34
-19
-6
10
18
22
27
26
26
23
15
0
-14
-25
-37
-49
-57
-58
-51
-39
-27
-12
-2
14
28
31
35
35
27
16
6
-11
-25
-36
-41
-44
-47
-45
-39
-32
-24
-7
7
23
28
31
31
27
16
0
-11
-23
-33
-41
-49
-46
-42
-39
-37
-26
-13
0
14
24
22
22
25
21
10
0
-16
-26
-34
-36
-41
-43
-40
-33
-20
-8
2
12
20
25
21
15
10
6
-4
-18
-22
-30
-35
-39
-30
-25
-21
-16
-6
-3
4
10
13
13
14
8
-1
-9
-20
-31
-33
-35
-34
-33
-25
-20
-11
0
6
11
18
14
13
9
-5
-15
-21
-26
-26
-28
-29
-28
-24
-14
-6
2
2
6
15
21
15
8
-8
-14
-18
-26
-35
-30
-28
-24
-19
-17
-8
4
12
9
9
8
9
4
-7
-14
-21
-25
-32
-38
-37
-33
-31
-22
-14
1
12
15
19
19
13
5
0
-16
-23
-31
-30
-27
-32
-29
-25
-26
-16
-3
13
20
21
20
16
7
-3
-13
-19
-22
-27
-30
-30
-33
-28
-21
-15
-3
6
11
14
15
14
8
-3
-13
-16
-19
-22
-32
-32
-31
-33
-27
-22
-8
10
15
11
10
15
9
1
-4
-16
-24
-22
-21
-27
-31
-27
-19
-16
-13
-11
-6
5
9
5
9
10
4
-2
-8
-16
-21
-26
-27
-30
-28
-25
-16
-5
-5
0
0
-2
3
2
-1
-1
-6
-12
-15
-14
-17
-20
-16
-12
-12
-15
-15
-8
-5
-3
-7
-7
-7
-9
-9
-12
-15
-13
-13
-11
-10
-11
-7
-1
3
5
0
-6
-7
-11
-15
-21
-29
-22
-22
-21
-14
-13
-9
-6
-4
-1
4
2
3
3
1
-2
-7
-11
-18
-16
-21
-24
-25
-25
-22
-15
-9
-1
5
6
9
9
7
2
-5
-9
-13
-24
-28
-34
-32
-31
-23
-11
-6
-4
4
3
2
5
0
-5
-6
-10
-15
-22
-23
-15
-14
-17
-15
-12
-8
0
4
9
4
3
-3
-6
-16
-19
-22
-25
-29
-22
-21
-17
-9
-7
-4
-3
5
9
7
1
-5
-12
-18
-26
-26
-24
-25
-17
-19
-18
-11
-8
3
10
9
6
3
5
1
-8
-10
-17
-24
-30
-27
-29
-28
-20
-16
-8
2
4
19
17
12
7
7
1
-11
-17
-23
-33
-39
-37
-30
-26
-25
-18
-11
6
12
19
18
8
11
5
3
2
-12
-18
-29
-40
-38
-40
-41
-31
-15
-6
-5
5
14
12
14
16
14
5
5
4
-7
-16
-25
-31
-39
-33
-30
-30
-28
-22
-11
-4
8
17
17
15
13
11
5
-8
-15
-19
-24
-30
-33
-34
-32
-30
-27
-17
-4
4
3
8
15
19
17
7
2
2
-9
-21
-26
-28
-30
-33
-34
-29
-24
-19
-8
3
8
15
17
17
11
5
-1
-11
-21
-25
-24
-23
-26
-32
-25
-16
-11
-3
1
5
1
2
6
3
2
-3
-2
-11
-22
-25
-32
-33
-29
-24
-19
-8
-4
-4
-2
6
10
11
9
4
-4
-12
-19
-23
-29
-26
-24
-24
-23
-23
-15
-7
-1
6
11
14
20
17
3
-3
-13
-24
-25
-26
-31
-40
-41
-35
-24
-15
-8
0
3
13
18
21
18
16
8
-3
-14
-19
-27
-34
-36
-41
-39
-32
-29
-20
-12
-4
4
12
28
35
28
21
8
-1
-16
-23
-28
-37
-39
-39
-34
-30
-27
-21
-14
0
5
9
14
17
13
8
4
-3
-4
-7
-18
-24
-29
-30
-27
-30
-26
-16
-13
-6
-2
5
6
7
6
2
1
-3
-5
-7
-7
-14
-23
-23
-20
-20
-20
-18
-19
-15
-9
-12
-12
-10
-7
-2
0
-1
-3
-1
-5
-7
-7
-1
-2
-9
-17
-16
-13
-13
-13
-14
-17
-17
-21
-19
-16
-13
-9
-3
-2
0
3
8
1
2
3
-2
-13
-22
-22
-24
-24
-25
-28
-25
-23
-20
-12
-2
3
6
6
7
12
12
7
-5
-17
-17
-24
-29
-30
-30
-26
-20
-17
-11
-7
3
9
11
10
7
8
6
-6
-16
-27
-27
-24
-22
-18
-18
-14
-10
-8
-7
-6
1
3
1
-1
-8
-10
-14
-19
-20
-17
-16
-15
-12
-8
-6
-1
2
-3
-1
-3
-7
-12
-13
-13
-11
-14
-17
-17
-14
-12
-15
-13
-8
-12
-8
-9
-8
0
-2
-10
-10
-8
-5
-5
0
1
2
-4
-10
-18
-18
-19
-16
-24
-23
-23
-20
-17
-15
-7
1
5
12
18
14
8
-1
-7
-9
-18
-24
-28
-33
-40
-40
-36
-32
-24
-10
8
20
18
21
22
21
6
2
-4
-12
-21
-33
-41
-46
-45
-42
-37
-23
-9
2
8
10
13
23
23
23
17
8
-1
-18
-29
-34
-35
-33
-36
-31
-28
-23
-18
-9
3
10
22
20
18
13
6
2
-4
-13
-21
-19
-21
-25
-33
-33
-27
-22
-17
-14
-5
-3
-4
-3
6
3
3
6
4
0
-5
-21
-21
-17
-16
-12
-20
-25
-24
-26
-20
-19
-17
-13
-4
7
5
4
0
-2
1
-1
-3
-3
-7
-19
-18
-26
-25
-21
-26
-22
-17
-14
-6
0
4
10
18
13
9
5
-4
-13
-23
-26
-27
-32
-33
-29
-31
-23
-11
-1
9
12
12
8
9
6
-2
-4
-7
-17
-26
-30
-31
-30
-26
-15
-8
-4
4
10
19
16
6
1
-1
-10
-21
-21
-30
-36
-32
-31
-24
-15
-6
-3
4
14
16
14
6
0
-7
-10
-23
-35
-40
-37
-36
-28
-21
-12
-5
2
6
15
11
9
10
6
-4
-6
-16
-24
-31
-26
-19
-21
-24
-17
-11
-8
0
-2
0
7
7
5
-3
-11
-10
-13
-19
-20
-19
-16
-13
-13
-14
-9
-10
-9
-5
-3
-8
-6
-5
-1
-1
-8
-10
-15
-11
-13
-12
-11
-5
-6
-12
-9
-11
-17
-19
-18
-18
-11
-7
-4
3
2
1
-4
-8
-11
-13
-5
-5
-14
-20
-20
-18
-17
-18
-10
-3
-3
-1
1
-1
-7
-10
-10
-10
-12
-19
-22
-16
-9
-15
-15
-14
-8
-8
-8
-3
-1
-2
-6
-6
-6
-13
-16
-12
-14
-18
-17
-16
-17
-10
-7
-7
-3
3
4
4
1
-5
-10
-13
-19
-19
-24
-27
-23
-21
-18
-11
-2
6
5
4
5
2
-1
0
-2
-14
-21
-26
-30
-23
-22
-15
-10
-4
-4
-5
-3
-4
-4
1
5
6
3
-10
-21
-21
-27
-26
-22
-17
-14
-16
-12
-10
-8
-3
1
5
3
2
5
3
-13
-17
-16
-8
-16
-19
-19
-24
-27
-22
-23
-14
-10
-4
3
7
6
4
3
2
-1
-6
-4
-5
-20
-24
-26
-29
-36
-29
-16
-10
-6
-7
-6
0
2
1
5
12
11
6
-4
-16
-23
-23
-23
-21
-23
-26
-20
-23
-24
-20
-6
1
10
14
12
5
4
-3
-9
-9
-17
-24
-14
-14
-24
-23
-20
-21
-20
-16
-6
-6
-5
-3
-3
-1
2
2
3
4
-1
-9
-12
-13
-21
-20
-11
-15
-19
-21
-27
-22
-23
-16
-7
-4
2
9
3
2
0
-3
-4
-7
-4
-10
-12
-17
-23
-27
-26
-20
-14
-15
-13
-10
-6
-2
-5
-1
5
6
10
7
-1
-11
-17
-24
-28
-26
-20
-18
-17
-12
-12
-14
-12
-3
4
-1
-5
-4
0
0
0
-4
-4
-8
-12
-13
-16
-22
-30
-28
-22
-16
-15
-13
-5
-3
0
7
12
4
6
5
-5
-9
-11
-15
-19
-24
-27
-25
-23
-23
-18
-12
-3
-3
-1
-2
2
1
2
-1
-7
-12
-16
-17
-19
-25
-28
-24
-15
-8
-8
-6
-2
0
2
2
10
7
-3
-9
-11
-18
-24
-23
-18
-23
-19
-15
-9
-8
-8
-7
-2
0
5
1
-4
-13
-11
-18
-17
-16
-7
-14
-18
-17
-17
-13
-6
-4
-5
-5
-6
-1
-1
0
-7
-9
-12
-13
-12
-18
-22
-14
-13
-15
-7
-4
-10
-8
-2
-2
-7
-4
2
-4
-5
-6
-11
-14
-16
-23
-23
-25
-22
-17
-12
-4
-7
-5
4
3
5
-2
-3
-4
-9
-12
-15
-18
-18
-22
-25
-25
-26
-16
-9
-4
3
13
13
9
4
-1
-6
-10
-19
-28
-28
-27
-28
-31
-27
-19
-11
-3
6
9
13
10
13
8
1
-6
-11
-18
-25
-31
-35
-39
-35
-23
-12
-4
5
8
12
11
12
10
9
2
-11
-19
-23
-26
-35
-39
-36
-24
-18
-13
0
5
6
8
12
20
14
4
-5
-14
-24
-32
-37
-32
-27
-20
-15
-3
-2
1
10
13
13
7
-2
-12
-18
-28
-32
-31
-30
-32
-27
-16
-8
-3
2
5
13
12
11
7
-3
-12
-15
-15
-23
-26
-29
-33
-28
-20
-19
-10
1
13
17
16
15
11
2
-7
-13
-16
-22
-28
-35
-34
-30
-26
-21
-14
-3
5
5
4
9
6
2
0
-3
-6
-13
-20
-22
-23
-21
-22
-19
-17
-17
-17
-11
-9
-5
-3
0
7
4
4
1
-6
-10
-10
-14
-11
-13
-16
-20
-25
-21
-20
-20
-14
-6
-5
-8
-2
5
3
8
1
-5
-3
-9
-18
-20
-16
-18
-21
-23
-25
-26
-23
-10
-6
-6
-2
4
11
14
6
0
-5
-7
-14
-16
-23
-24
-24
-30
-28
-19
-7
-3
1
5
6
5
7
5
5
2
-10
-15
-18
-22
-26
-25
-21
-23
-25
-18
-9
-3
6
5
1
0
0
-3
-8
-11
-17
-23
-25
-21
-19
-19
-15
-7
-2
0
5
12
8
0
-6
-9
-16
-17
-23
-27
-27
-25
-24
-19
-14
-3
0
5
11
13
10
5
3
-7
-10
-18
-23
-27
-32
-37
-30
-36
-27
-12
-7
-2
6
18
22
25
21
21
9
-8
-17
-27
-35
-40
-44
-41
-38
-33
-20
-8
0
6
6
21
27
30
24
17
0
-14
-20
-25
-33
-34
-40
-42
-42
-42
-34
-18
-7
5
19
30
27
22
19
16
8
-3
-13
-23
-35
-41
-40
-41
-40
-32
-23
-11
-3
5
10
15
17
24
22
14
6
-4
-14
-24
-31
-40
-44
-37
-31
-29
-30
-19
-11
0
5
16
19
17
11
6
-3
-8
-15
-17
-16
-21
-32
-32
-27
-21
-12
-4
0
4
2
-1
0
1
-2
-10
-14
-12
-16
-19
-22
-22
-17
-8
-4
-2
0
3
-2
-7
-7
-7
-8
-15
-21
-24
-24
-19
-22
-20
-10
1
4
7
13
5
0
1
-2
-8
-7
-18
-24
-29
-36
-38
-28
-17
-11
-7
4
8
11
21
19
15
6
-5
-14
-23
-32
-35
-37
-37
-28
-20
-9
-9
-4
-1
3
10
8
11
9
0
-8
-14
-17
-20
-23
-25
-28
-29
-25
-24
-20
-6
-1
6
12
10
10
4
1
0
-8
-14
-17
-20
-23
-24
-22
-24
-25
-18
-13
-5
-4
-3
2
4
4
7
3
-3
-1
-5
-13
-19
-28
-28
-24
-19
-19
-19
-21
-14
-5
-1
8
11
9
13
4
-4
-6
-15
-23
-26
-28
-22
-20
-18
-13
-12
-10
-2
4
2
2
-1
-4
-7
-16
-22
-23
-24
-24
-15
-15
-12
-5
-1
7
4
6
9
0
-10
-14
-20
-21
-27
-27
-25
-23
-17
-9
-6
1
7
6
7
12
12
1
-3
-17
-28
-37
-43
-40
-32
-26
-18
-11
-7
8
21
24
28
25
15
2
-5
-17
-30
-36
-40
-42
-43
-35
-26
-22
-21
-10
10
14
17
24
24
17
12
7
-5
-13
-20
-28
-35
-41
-43
-39
-37
-32
-17
-8
-1
5
10
13
22
21
21
15
10
0
-18
-20
-24
-31
-31
-31
-29
-34
-28
-20
-16
-11
-9
0
8
13
14
16
12
10
12
5
-2
-16
-26
-31
-41
-42
-40
-42
-34
-24
-18
-10
3
11
15
30
35
26
16
13
8
-5
-19
-23
-33
-45
-53
-51
-44
-43
-34
-14
4
14
24
34
39
34
31
18
7
-8
-20
-36
-48
-58
-59
-54
-49
-43
-35
-21
-1
17
27
41
45
39
33
18
11
-3
-26
-41
-51
-56
-54
-48
-44
-35
-23
-11
-1
8
27
35
32
30
21
14
7
-2
-13
-31
-35
-45
-49
-45
-43
-35
-23
-10
-6
3
15
15
17
18
10
4
2
-4
-8
-13
-25
-33
-34
-34
-27
-16
-16
-14
-11
-5
1
5
2
4
3
2
2
-4
-4
-8
-14
-20
-23
-19
-16
-15
-22
-22
-18
-12
-9
-3
1
0
0
-2
-3
-5
-6
-11
-9
-11
-10
-10
-11
-19
-19
-16
-13
-11
-12
-14
-10
-7
-8
-5
-4
-4
-3
-5
-8
-14
-11
-8
-10
-9
-8
-8
-10
-14
-15
-16
-8
-7
-13
-13
-15
-13
-11
-11
-11
-6
-1
5
3
3
-3
-8
-11
-13
-14
-22
-27
-23
-26
-25
-19
-11
-4
-8
0
8
11
8
8
5
2
-4
-10
-14
-19
-27
-25
-28
-26
-28
-19
-10
-6
-2
4
14
13
12
3
-1
-10
-22
-27
-30
-30
-28
-25
-23
-23
-16
-9
-1
5
13
13
6
2
-2
-7
-13
-17
-24
-27
-34
-32
-27
-19
-13
-6
3
11
11
9
6
10
8
-1
-9
-15
-19
-29
-33
-34
-34
-32
-22
-10
-1
2
9
15
18
11
7
10
7
-5
-18
-23
-32
-39
-36
-33
-28
-25
-21
-15
-7
3
7
14
19
19
13
8
3
-2
-10
-19
-29
-31
-34
-38
-37
-25
-18
-17
-6
4
6
13
19
13
8
7
-1
-3
-11
-19
-21
-33
-34
-33
-29
-23
-16
-10
-6
-4
0
6
6
4
8
6
4
-2
-9
-14
-21
-26
-31
-27
-23
-21
-27
-22
-9
-1
0
6
9
10
1
1
0
-4
-8
-12
-15
-19
-17
-21
-27
-28
-25
-21
-16
-12
-7
-1
0
4
6
8
5
8
8
1
-9
-18
-23
-24
-31
-31
-35
-29
-27
-22
-7
3
8
12
22
20
17
11
0
-9
-20
-24
-28
-35
-39
-37
-32
-21
-12
-3
5
10
14
13
10
8
5
-8
-16
-23
-31
-31
-33
-30
-21
-18
-18
-10
3
6
18
23
16
11
7
-4
-15
-18
-26
-37
-41
-32
-30
-29
-20
-11
-1
12
20
24
21
14
7
-2
-14
-23
-31
-41
-45
-43
-38
-36
-29
-15
0
13
19
22
28
21
14
14
9
-8
-21
-30
-42
-50
-53
-48
-39
-28
-15
-4
2
18
26
33
32
25
17
11
-1
-14
-24
-35
-41
-40
-37
-37
-37
-28
-17
-5
0
7
10
13
19
21
15
3
-4
-13
-15
-18
-28
-28
-31
-29
-32
-27
-22
-17
-11
1
6
11
10
10
9
10
9
1
-11
-10
-18
-20
-18
-25
-31
-25
-24
-24
-20
-15
-13
-11
-9
-2
7
13
12
16
11
3
-6
-14
-24
-28
-30
-27
-25
-25
-30
-26
-18
-11
-3
6
12
9
10
7
4
2
2
-3
-6
-9
-12
-17
-30
-34
-33
-22
-18
-11
-10
-5
-3
-10
-6
1
-1
5
11
5
-4
-12
-16
-16
-18
-16
-16
-19
-19
-16
-19
-21
-18
-10
-7
-3
-1
-7
-11
-5
-3
-4
-4
5
8
2
-10
-15
-19
-25
-27
-30
-25
-23
-18
-15
-10
-5
0
4
11
14
13
8
10
7
-8
-16
-19
-21
-24
-28
-29
-30
-36
-38
-29
-17
-4
4
16
23
21
19
15
7
-1
-3
-16
-27
-37
-45
-47
-47
-40
-25
-15
-6
10
12
14
16
26
25
21
16
2
-15
-26
-37
-41
-40
-38
-39
-31
-22
-12
-5
7
11
19
22
18
14
10
3
-14
-30
-41
-46
-45
-38
-30
-23
-9
-5
-1
6
15
28
25
16
2
-8
-16
-24
-28
-34
-35
-30
-26
-17
-13
-14
-1
14
13
17
11
-3
-10
-12
-19
-24
-25
-23
-23
-24
-21
-12
-9
-4
3
9
12
9
1
-2
-6
-11
-19
-24
-26
-24
-24
-20
-20
-14
-8
3
8
11
6
3
-1
-3
-13
-20
-26
-30
-24
-24
-26
-20
-7
4
11
11
10
5
-2
-7
-12
-9
-16
-22
-25
-31
-31
-29
-19
-5
4
5
6
10
12
10
7
-3
-12
-16
-21
-25
-29
-35
-33
-29
-18
-15
-11
-1
8
9
10
16
13
11
2
-6
-12
-18
-24
-36
-35
-27
-26
-22
-19
-12
-10
-5
-4
-2
2
4
5
6
5
2
-1
-8
-16
-20
-20
-19
-21
-24
-23
-21
-18
-13
-12
-5
-4
-3
9
8
4
1
-4
-10
-11
-16
-19
-19
-16
-12
-15
-23
-16
-8
-11
-10
-6
-13
-11
-8
-7
-4
-4
-6
-13
-8
-7
-8
-10
-9
-7
-4
-10
-14
-14
-13
-13
-15
-10
-8
-14
-16
-13
-14
-12
-6
-1
-5
3
4
0
1
-1
-3
-7
-10
-17
-21
-27
-28
-21
-20
-21
-17
-4
-1
-6
2
4
5
7
5
-4
-11
-6
-11
-26
-29
-26
-22
-21
-19
-23
-18
-12
-13
-3
6
8
9
11
4
-4
-8
-9
-10
-14
-20
-22
-24
-24
-20
-14
-10
-12
-4
-1
-2
6
3
-4
-9
-12
-8
-14
-11
-13
-16
-24
-25
-21
-14
-10
-6
-4
-5
-4
-3
-4
-1
1
-1
-2
-10
-18
-24
-24
-24
-24
-22
-14
-14
-14
-5
-3
5
11
13
10
5
4
-7
-21
-24
-19
-23
-29
-23
-21
-19
-17
-14
-10
0
-1
3
13
15
9
2
-5
-6
-5
-12
-12
-19
-31
-42
-38
-34
-30
-22
-17
-12
0
3
12
13
14
19
18
10
4
-4
-17
-29
-39
-36
-32
-30
-30
-27
-21
-12
-4
5
11
13
21
21
15
7
1
-2
-17
-26
-33
-38
-39
-38
-33
-23
-17
-8
-4
3
7
14
10
6
-1
-5
-12
-11
-11
-13
-14
-14
-16
-14
-8
-6
-6
-1
-4
-8
-12
-17
-25
-26
-24
-16
-9
-6
-5
-1
2
9
10
7
3
-5
-10
-14
-22
-28
-35
-39
-37
-30
-22
-15
-5
5
7
15
15
15
19
17
11
-6
-20
-26
-33
-40
-44
-42
-37
-29
-18
-5
5
15
20
21
18
17
7
-3
-11
-22
-18
-26
-33
-36
-28
-23
-25
-17
-11
-1
4
0
-4
4
11
5
-3
0
-4
-1
-6
-12
-18
-20
-22
-20
-22
-24
-20
-13
-12
-13
-7
1
3
7
9
1
-5
-13
-15
-11
-16
-13
-14
-18
-23
-21
-19
-13
-12
-11
-6
-1
2
4
2
-3
-1
-3
-6
-11
-15
-19
-23
-24
-23
-19
-13
-12
-6
-6
-4
1
1
4
6
3
-1
-6
-15
-20
-25
-24
-27
-21
-15
-13
-10
-7
-4
-1
-2
-1
-7
-12
-10
-11
-8
-5
-6
-5
-10
-12
-15
-16
-13
-12
-12
-10
-7
-8
-8
-11
-8
-7
-11
-11
-11
-10
-7
-10
-12
-12
-10
-4
-3
-7
-7
-9
-8
-9
-15
-17
-17
-16
-20
-17
-7
-5
-4
-3
-1
-2
-3
-11
-13
-10
-8
-11
-16
-14
-11
-8
-9
-7
-4
-7
-12
-10
-10
-8
-12
-15
-15
-14
-15
-14
-12
-14
-11
-5
-3
0
2
-3
-2
0
2
-1
-4
-13
-17
-21
-23
-26
-29
-27
-22
-13
-9
2
2
6
13
13
10
2
-12
-16
-25
-27
-33
-29
-29
-33
-22
-14
-9
2
3
12
14
9
5
4
4
-6
-15
-16
-21
-23
-21
-21
-21
-18
-16
-15
-12
-6
-1
2
0
-1
-4
-5
-7
-9
-15
-18
-18
-10
-9
-15
-10
-7
-6
-4
-3
-6
-11
-11
-16
-16
-18
-19
-16
-10
-6
2
2
-1
2
0
-5
-3
-8
-16
-22
-26
-29
-28
-28
-20
-11
-6
-9
0
10
13
8
3
6
7
-4
-11
-14
-21
-30
-35
-28
-25
-23
-21
-15
-12
-5
2
7
9
9
11
13
7
-2
-12
-21
-28
-33
-30
-22
-18
-18
-13
-14
-8
5
5
5
6
1
-3
-13
-16
-19
-17
-17
-15
-15
-17
-16
-14
-11
-9
-6
-3
-6
-9
-5
-7
-6
-4
-6
-9
-15
-14
-13
-16
-14
-13
-9
-4
-1
-1
-1
-7
-6
-11
-13
-13
-12
-16
-18
-20
-16
-7
-3
-2
2
3
1
3
3
0
-6
-12
-21
-26
-27
-25
-21
-17
-13
-10
-11
-11
-8
-1
1
0
0
-3
-3
-2
-9
-13
-13
-15
-19
-19
-17
-16
-18
-12
-11
-12
-5
-2
1
3
2
1
-2
-6
-13
-18
-22
-22
-28
-18
-14
-17
-15
-8
-6
-7
-8
-6
-4
7
6
0
-7
-12
-15
-12
-13
-12
-14
-16
-16
-19
-18
-16
-14
-9
2
11
6
-1
0
-4
-10
-11
-17
-22
-26
-26
-19
-12
-17
-6
2
4
5
2
-5
-3
-2
-9
-17
-24
-28
-28
-26
-18
-11
-9
-4
0
3
9
14
9
3
1
-5
-9
-14
-23
-28
-34
-40
-41
-37
-26
-21
-8
5
13
23
29
30
22
12
5
-6
-24
-34
-42
-51
-57
-52
-39
-26
-9
12
21
32
38
37
32
22
9
-7
-20
-34
-49
-58
-58
-55
-51
-40
-29
-15
5
27
36
40
45
38
33
21
4
-13
-30
-45
-62
-72
-67
-61
-52
-33
-13
11
30
44
47
55
53
39
24
0
-26
-43
-55
-64
-76
-72
-60
-48
-39
-16
4
19
38
51
54
49
39
24
6
-5
-18
-42
-60
-67
-69
-62
-59
-45
-25
-7
4
21
36
43
46
47
39
28
16
-8
-34
-48
-58
-64
-61
-51
-45
-36
-21
-6
7
23
28
24
26
25
18
13
3
-13
-21
-25
-27
-34
-38
-46
-46
-36
-30
-14
0
5
12
17
17
18
14
8
1
-4
-13
-21
-26
-28
-27
-27
-20
-19
-15
-14
-12
-13
-16
-10
-4
-6
-3
-6
-3
3
7
8
5
2
-1
-4
-11
-15
-18
-24
-25
-22
-29
-32
-28
-26
-16
-10
1
7
9
10
14
18
16
13
4
-2
-7
-20
-31
-42
-50
-51
-52
-44
-30
-12
2
11
24
34
37
39
37
31
16
-2
-21
-40
-53
-59
-70
-66
-55
-45
-27
-13
3
13
26
37
44
44
37
26
17
6
-10
-32
-53
-66
-76
-71
-64
-56
-36
-12
6
21
43
52
56
51
40
31
19
-8
-31
-47
-61
-66
-67
-63
-61
-45
-27
-11
11
28
36
43
45
42
29
16
-2
-12
-26
-38
-49
-51
-51
-50
-44
-32
-18
-9
5
21
28
27
27
23
19
7
-8
-22
-31
-38
-42
-41
-39
-38
-27
-11
1
8
14
8
1
-6
-8
-5
-2
-7
-14
-16
-7
-3
3
7
1
-4
-7
-10
-17
-23
-23
-25
-23
-21
-20
-17
-13
-8
-13
-4
9
10
11
9
3
-4
-8
-15
-17
-26
-35
-31
-33
-29
-25
-23
-11
3
15
16
18
19
13
4
-3
-14
-23
-32
-38
-41
-32
-28
-22
-11
4
10
17
21
20
16
8
-5
-20
-20
-25
-35
-37
-35
-35
-31
-20
-7
4
21
24
25
21
15
6
-2
-16
-24
-32
-40
-44
-47
-46
-41
-27
-7
3
12
25
31
30
29
26
16
-5
-18
-30
-43
-59
-62
-61
-47
-29
-14
0
4
19
34
40
38
30
18
11
6
-3
-14
-33
-53
-58
-45
-37
-34
-37
-38
-33
-26
-3
16
32
35
26
17
9
6
5
7
-4
-22
-35
-46
-45
-40
-31
-22
-19
-16
-9
-2
-1
8
11
10
12
16
13
9
6
-7
-18
-22
-23
-25
-30
-32
-36
-30
-26
-23
-17
-8
-1
7
15
19
17
3
-5
-8
-16
-18
-21
-18
-17
-22
-20
-19
-16
-16
-9
-4
3
3
-3
-7
-9
-9
-11
-9
1
4
0
-9
-17
-14
-11
-13
-9
-9
-10
-14
-19
-19
-18
-19
-12
-5
2
-6
-10
-7
-4
-5
-4
-9
-5
-3
-5
-11
-20
-24
-24
-21
-18
-15
-11
-7
-6
-7
2
3
6
8
5
0
-11
-17
-26
-30
-28
-26
-25
-24
-15
-6
-5
-2
9
16
14
12
6
0
-10
-23
-24
-21
-25
-29
-28
-23
-21
-20
-20
-14
-6
2
6
9
17
10
5
0
-8
-12
-18
-26
-29
-32
-27
-19
-16
-11
-8
0
6
7
6
4
1
-9
-10
-8
-10
-17
-18
-17
-17
-19
-15
-16
-12
-9
-7
-6
-3
-7
-6
0
-7
-3
-1
-6
-12
-15
-18
-22
-21
-24
-20
-17
-18
-15
-7
-2
-2
1
0
3
3
-2
-4
-8
-12
-12
-12
-14
-16
-19
-15
-14
-15
-18
-18
-13
-5
2
6
6
-2
-1
2
1
-7
-19
-22
-24
-33
-39
-37
-33
-20
-13
-5
9
16
22
19
16
16
7
-1
-14
-29
-37
-40
-39
-31
-32
-22
-8
3
10
10
13
16
13
10
8
3
-13
-22
-29
-30
-33
-33
-33
-28
-16
-7
-2
7
10
14
12
12
1
-7
-17
-26
-34
-34
-31
-27
-24
-18
-5
3
9
10
8
10
6
-1
-9
-19
-28
-31
-32
-29
-24
-16
-5
7
11
12
12
11
7
3
-4
-16
-25
-31
-32
-34
-30
-28
-18
-6
1
2
3
6
4
5
6
2
-3
-8
-18
-22
-23
-24
-24
-22
-18
-12
-14
-7
-4
0
3
1
4
1
-4
-7
-14
-20
-19
-18
-15
-10
-6
-3
-3
-3
-7
-10
-8
-8
-12
-12
-14
-16
-17
-13
-8
-2
-5
-6
-6
-8
-13
-15
-15
-13
-12
-13
-10
-14
-15
-9
-6
-1
-2
-1
-9
-10
-14
-17
-15
-15
-14
-13
-12
-7
-8
-4
-1
-2
-4
-8
-10
-13
-13
-13
-9
-5
-8
-11
-13
-18
-18
-17
-19
-18
-14
-11
-4
-1
7
11
11
4
-5
-9
-9
-14
-19
-20
-28
-31
-25
-24
-24
-17
-11
-6
2
4
5
7
8
3
-1
-4
-2
-4
-7
-19
-19
-19
-29
-30
-29
-31
-26
-17
-7
0
5
13
19
22
21
12
3
-8
-22
-29
-36
-38
-31
-25
-21
-19
-18
-10
-2
1
2
2
8
9
3
-1
-5
-11
-12
-14
-16
-16
-22
-27
-29
-27
-17
-9
-5
6
9
9
7
3
-3
-7
-13
-18
-20
-23
-34
-31
-23
-16
-5
1
8
9
11
9
-3
-9
-19
-19
-19
-21
-19
-22
-21
-20
-19
-9
-5
0
3
6
10
5
-2
-5
-9
-11
-4
-5
-15
-27
-32
-31
-28
-24
-22
-11
-1
7
9
13
18
12
8
3
-8
-24
-31
-39
-39
-36
-28
-20
-12
-4
5
6
6
12
12
8
-7
-15
-18
-21
-20
-18
-17
-13
-9
-5
-6
-13
-18
-16
-14
-14
-15
-5
6
3
1
0
-2
-11
-13
-19
-23
-19
-23
-20
-8
-5
-1
1
2
7
4
-7
-18
-22
-29
-25
-19
-12
-9
-2
2
1
3
7
0
-5
-11
-15
-21
-25
-26
-22
-15
-14
-7
-2
-3
-2
-1
-7
-14
-13
-15
-13
-9
-5
-4
0
2
0
-8
-12
-19
-19
-22
-27
-21
-15
-10
-8
-4
4
7
11
4
-8
-15
-15
-21
-25
-21
-12
-8
0
4
1
-1
-7
-8
-16
-26
-31
-28
-26
-21
-14
-5
7
10
10
9
5
1
-8
-18
-22
-27
-23
-21
-17
-20
-14
-9
-6
-10
-7
-5
-6
-6
0
3
7
6
1
2
-3
-10
-15
-22
-27
-33
-32
-36
-34
-19
-2
5
19
22
23
19
10
-2
-12
-22
-31
-38
-39
-37
-29
-21
-11
-7
-2
4
6
-1
-6
-11
-19
-14
-6
-4
0
8
8
4
-1
-7
-15
-24
-34
-37
-29
-20
-15
-5
2
7
14
16
10
2
-8
-19
-20
-26
-21
-22
-21
-11
-7
-3
-6
-13
-20
-23
-22
-20
-20
-13
-9
0
8
11
11
8
2
-5
-17
-22
-27
-32
-28
-21
-13
-4
6
14
14
13
7
-5
-21
-26
-28
-37
-28
-27
-19
-8
3
12
8
3
-4
-7
-7
-11
-20
-23
-22
-22
-15
-10
-7
-3
-3
-5
-5
-5
-4
-9
-6
-6
-5
-1
2
3
-7
-11
-19
-28
-29
-33
-34
-29
-14
2
11
19
28
27
18
11
1
-18
-35
-42
-47
-49
-49
-40
-28
-14
-1
11
20
26
27
22
13
-2
-10
-17
-23
-24
-28
-23
-20
-28
-29
-29
-31
-30
-24
-13
-1
9
21
30
34
31
25
16
-3
-26
-42
-48
-51
-50
-41
-27
-13
-2
7
17
22
16
13
8
-1
-5
-12
-21
-24
-19
-14
-8
-4
-6
-14
-21
-19
-22
-22
-25
-21
-14
-7
-2
6
13
13
3
-3
-12
-21
-29
-33
-35
-27
-11
-7
-5
1
4
0
-2
-2
-9
-15
-16
-14
-12
-9
-1
6
7
12
13
7
-4
-19
-25
-33
-39
-39
-33
-26
-18
-8
5
11
15
12
6
-6
-11
-17
-26
-26
-24
-19
-12
-11
-10
-14
-14
-16
-21
-21
-18
-17
-5
-2
7
18
21
17
18
10
-2
-13
-22
-35
-39
-35
-30
-21
-9
-6
1
7
11
7
0
3
6
-4
-10
-15
-18
-18
-16
-18
-22
-25
-21
-23
-27
-28
-22
-21
-15
-9
5
10
16
15
12
8
-1
-10
-18
-26
-30
-29
-25
-21
-18
-10
-4
2
5
3
0
3
4
3
2
-2
-4
-8
-7
-8
-10
-18
-29
-36
-31
-26
-23
-16
-15
-9
-6
1
3
4
3
3
-8
-18
-23
-25
-24
-24
-26
-18
-14
-10
-5
0
3
2
4
4
3
-2
-4
-2
-1
-2
-3
-4
-9
-14
-21
-23
-21
-14
-13
-10
-7
0
3
1
1
-6
-17
-27
-33
-32
-38
-34
-25
-14
0
8
19
18
14
7
0
-12
-19
-22
-23
-21
-22
-18
-13
-9
-5
-7
-5
-7
-9
-13
-11
-8
-2
8
11
10
3
-6
-15
-23
-28
-30
-33
-33
-37
-32
-22
-6
9
18
27
30
22
18
5
-14
-32
-41
-42
-32
-24
-14
-11
-9
-7
-5
-7
-13
-17
-18
-22
-21
-14
2
16
24
26
19
8
-3
-22
-40
-49
-58
-52
-40
-26
-7
10
20
30
39
39
32
18
8
-17
-33
-38
-35
-33
-25
-22
-14
-9
-10
-20
-28
-28
-30
-28
-16
-6
4
16
33
43
41
31
16
-12
-44
-61
-76
-82
-71
-44
-13
11
29
38
49
41
29
13
-5
-23
-37
-40
-42
-38
-23
-6
8
9
6
1
-14
-33
-37
-35
-29
-15
6
19
28
39
38
23
13
-7
-31
-53
-73
-83
-82
-68
-32
-2
27
46
55
54
42
20
-4
-27
-41
-50
-48
-38
-29
-13
4
7
7
-2
-12
-29
-43
-54
-49
-28
1
28
52
72
76
64
45
12
-19
-50
-79
-97
-98
-89
-67
-35
-2
29
49
52
48
29
1
-23
-43
-51
-45
-37
-24
0
20
26
22
12
-2
-28
-50
-63
-64
-53
-36
-6
22
44
61
69
54
25
-3
-38
-61
-75
-74
-57
-31
1
38
65
80
77
61
40
1
-41
-72
-92
-106
-100
-85
-63
-33
-4
11
15
20
4
-20
-31
-34
-24
-6
21
47
66
77
77
59
26
-16
-66
-101
-121
-118
-103
-68
-15
39
82
107
111
91
57
11
-45
-84
-105
-114
-105
-75
-34
2
35
58
73
75
56
24
-13
-49
-72
-89
-87
-71
-41
-16
5
24
28
31
17
1
-17
-30
-25
-10
12
48
82
105
104
78
29
-39
-116
-174
-205
-206
-180
-124
-63
1
58
95
118
123
110
81
40
-3
-35
-54
-51
-23
22
67
99
118
120
86
37
-20
-79
-130
-173
-209
-230
-236
-223
-199
-159
-100
-45
10
61
94
123
163
212
276
335
366
365
320
223
85
-68
-221
-343
-422
-451
-431
-366
-273
-161
-39
66
148
184
175
122
39
-58
-135
-154
-119
-25
104
237
364
463
526
548
512
395
174
-165
-591
-1042
-1437
-1694
-1753
-1591
-1231
-726
-129
553
1343
2228
3119
3868
4257
4049
3090
1321
-1050
-3568
-5702
-6867
-6700
-5246
-2836
-101
2327
4039
4781
4556
3586
2179
692
-545
-1345
-1672
-1594
-1258
-806
-381
-60
119
168
139
88
43
11
-6
-10
-22
-37
-59
-69
-65
-41
12
90
172
254
331
381
386
341
238
90
-86
-265
-423
-517
-556
-529
-443
-318
-187
-58
55
146
215
241
241
215
178
146
114
92
78
72
72
61
26
-17
-61
-106
-139
-149
-136
-108
-76
-51
-28
-12
-8
-14
-26
-38
-47
-56
-60
-47
-22
13
60
105
151
172
166
140
90
20
-51
-115
-164
-187
-197
-170
-127
-68
-10
48
91
108
97
68
27
-21
-50
-58
-57
-34
-3
27
33
35
22
2
-27
-52
-67
-70
-59
-36
-10
24
56
77
80
70
38
6
-35
-79
-118
-134
-122
-90
-43
14
65
101
112
103
76
39
-11
-64
-104
-128
-134
-123
-95
-51
-8
33
68
79
75
55
23
2
-14
-22
-18
1
26
37
42
38
30
9
-24
-61
-90
-109
-109
-86
-51
-15
21
48
65
61
41
16
-26
-59
-75
-82
-84
-67
-29
5
36
60
73
72
54
22
-8
-35
-62
-71
-70
-53
-28
-6
20
29
27
21
11
-5
-27
-43
-53
-42
-19
6
34
53
62
59
42
13
-23
-60
-90
-106
-108
-98
-66
-32
-4
26
48
60
57
51
33
6
-20
-36
-46
-42
-33
-14
2
13
16
6
-9
-27
-41
-45
-51
-42
-31
-10
15
43
61
67
63
49
16
-26
-60
-78
-86
-86
-67
-44
-18
4
25
37
42
35
21
8
-16
-31
-33
-28
-28
-15
-7
0
3
4
-5
-25
-38
-51
-54
-44
-29
-11
7
27
44
53
52
44
21
-10
-35
-56
-78
-77
-71
-53
-24
-1
25
41
44
41
32
13
-2
-16
-26
-29
-26
-17
-8
-9
-5
-8
-14
-27
-41
-54
-55
-48
-34
-9
10
26
40
41
35
27
14
-4
-25
-38
-53
-58
-59
-48
-26
-8
4
17
22
25
21
14
2
-9
-17
-17
-14
-9
0
2
-1
-3
-12
-15
-22
-30
-40
-43
-38
-26
-8
8
14
28
31
29
17
1
-18
-25
-37
-42
-39
-29
-24
-19
-11
-6
3
4
5
5
-4
-15
-14
-12
-12
-12
-11
-10
-10
-9
-15
-20
-22
-22
-21
-19
-16
-8
0
8
19
22
21
15
6
-3
-14
-27
-33
-34
-37
-29
-16
-5
0
5
9
10
3
-8
-19
-28
-28
-29
-29
-18
-16
-10
-6
-8
-8
-9
-6
-8
-9
-6
-3
-3
-2
-2
-7
-6
-10
-9
-17
-24
-21
-22
-19
-12
-6
9
12
19
16
17
14
-2
-12
-11
-22
-31
-34
-31
-28
-31
-30
-23
-13
1
4
-4
-10
-9
-4
-5
-5
6
6
6
-3
-11
-16
-23
-28
-33
-31
-22
-19
-16
-9
-5
5
13
17
16
13
9
-6
-15
-19
-21
-23
-22
-14
-13
-13
-16
-20
-23
-18
-12
-6
-4
-2
2
8
10
7
-1
-5
-10
-18
-21
-31
-37
-35
-32
-26
-25
-11
0
6
12
15
16
9
2
-1
-9
-17
-15
-21
-16
-14
-10
-5
-3
-11
-18
-20
-19
-14
-12
-9
-7
-5
5
12
13
4
-8
-19
-27
-24
-25
-30
-33
-23
-10
-3
1
3
-2
0
-4
-8
-14
-15
-19
-21
-11
-11
-9
-4
3
8
4
0
-4
-10
-19
-26
-31
-30
-24
-11
-4
3
9
20
20
14
6
-3
-15
-23
-27
-29
-22
-17
-17
-13
-9
-12
-22
-24
-22
-21
-19
-14
-3
6
12
19
27
26
19
5
-8
-26
-44
-59
-60
-58
-47
-28
-9
3
20
34
37
28
15
7
1
-7
-17
-23
-27
-32
-28
-22
-21
-23
-20
-21
-20
-22
-12
-8
-1
13
24
28
25
19
3
-13
-26
-38
-47
-50
-48
-45
-30
-12
1
16
27
28
30
22
11
-3
-23
-33
-35
-34
-33
-32
-22
-16
-9
-1
-1
-1
-1
-9
-11
-13
-13
-4
3
3
8
14
9
-2
-9
-16
-22
-27
-28
-28
-21
-8
-1
2
4
5
-2
-10
-13
-18
-26
-33
-37
-26
-15
-2
9
12
15
11
3
-9
-14
-19
-32
-34
-34
-32
-20
-13
-1
4
8
13
10
6
-2
-12
-14
-18
-21
-16
-11
-3
-1
-2
-2
-7
-10
-26
-27
-23
-18
-16
-14
-11
-2
6
15
14
9
2
-8
-19
-24
-30
-33
-32
-21
-12
-11
-5
-2
-1
-3
-9
-11
-8
-6
-11
-3
5
1
5
8
1
-9
-19
-26
-29
-35
-35
-36
-28
-18
-8
6
26
29
24
19
6
-4
-13
-23
-37
-39
-44
-39
-24
-15
-9
0
6
6
1
0
2
-1
-9
-9
-5
-10
-10
-7
-5
-6
-14
-24
-27
-24
-27
-28
-20
-13
-2
5
5
8
7
9
4
-4
-12
-17
-23
-26
-22
-19
-13
-7
3
6
6
0
-10
-18
-19
-19
-26
-26
-19
-12
-2
6
5
7
9
1
-7
-13
-16
-24
-27
-27
-19
-13
-13
-7
-4
-4
-4
-5
-6
-13
-12
-10
-13
-7
-3
-3
-3
-1
-6
-7
-13
-21
-23
-22
-24
-22
-16
-4
-1
3
4
7
0
-3
-8
-8
-15
-24
-25
-22
-19
-11
-8
1
10
10
3
-5
-13
-21
-28
-34
-31
-23
-11
-3
-5
-1
6
9
7
-3
-7
-9
-14
-13
-14
-14
-19
-19
-16
-13
-13
-19
-21
-23
-18
-7
-6
5
9
7
7
9
5
3
-4
-12
-22
-38
-45
-42
-36
-25
-16
-1
11
20
22
19
12
6
5
-6
-16
-28
-37
-32
-31
-25
-21
-16
-11
-6
-1
-6
-5
-6
-3
1
-2
-1
-2
-1
-5
-11
-18
-26
-27
-23
-19
-15
-14
-8
-3
2
13
18
15
2
-8
-11
-27
-36
-40
-32
-25
-22
-14
-7
0
2
12
16
8
3
-1
-6
-13
-23
-28
-28
-25
-24
-18
-15
-9
-3
-1
2
1
5
9
8
1
1
8
0
-7
-17
-29
-33
-36
-42
-34
-25
-25
-13
-5
3
17
16
22
20
7
-3
-11
-22
-25
-29
-34
-27
-22
-19
-22
-20
-10
-3
0
-6
-1
3
5
4
4
6
0
-3
-3
-4
-15
-19
-27
-27
-31
-36
-26
-15
-8
-3
-4
1
7
17
13
2
-6
-14
-19
-20
-20
-14
-17
-10
-9
-13
-14
-9
-7
-9
-12
-5
-8
-8
-2
-1
0
-4
-10
-9
-10
-6
-12
-20
-26
-25
-23
-18
-8
-2
1
-4
-5
-3
-10
-18
-19
-12
-10
-12
-13
-9
-7
-6
-3
-6
-10
-5
-5
-9
-12
-16
-15
-12
-5
-1
-3
-6
-6
-8
-9
-13
-17
-14
-15
-16
-16
-13
-15
-13
-2
7
11
10
4
-4
-9
-12
-16
-20
-22
-26
-25
-24
-24
-16
-15
-7
-2
6
10
6
6
4
-3
-6
-6
-9
-16
-25
-31
-34
-34
-33
-27
-13
-2
6
9
12
13
15
8
-5
-13
-16
-20
-28
-33
-38
-32
-19
-7
-1
8
19
19
18
12
2
-7
-20
-28
-34
-40
-40
-34
-25
-12
-2
7
19
20
13
7
8
3
-8
-18
-29
-34
-40
-36
-31
-26
-18
-8
-1
3
9
16
21
19
11
0
-9
-12
-21
-28
-32
-34
-36
-35
-26
-20
-9
4
11
19
19
18
13
3
-7
-15
-22
-24
-30
-33
-29
-26
-19
-15
-6
-1
3
1
7
4
-3
-6
-7
-8
-13
-15
-19
-13
-12
-12
-13
-12
-16
-12
-6
-8
-7
-8
-1
0
4
4
-1
-7
-13
-20
-22
-23
-18
-21
-18
-13
-16
-15
-15
-15
-8
0
6
6
5
5
-3
-8
-9
-12
-14
-11
-19
-22
-22
-27
-28
-25
-20
-13
-8
-2
2
9
13
14
10
4
-2
-4
-15
-29
-30
-31
-30
-28
-27
-19
-12
-4
3
9
14
15
13
9
-1
-7
-13
-24
-25
-29
-27
-27
-26
-24
-17
-13
-9
-8
-5
5
12
9
11
6
-1
-9
-15
-18
-19
-20
-21
-30
-30
-26
-14
-1
5
4
9
8
-2
-5
-6
-10
-8
-9
-18
-21
-17
-24
-24
-22
-13
-7
-4
-7
-4
-5
-10
-11
-7
1
5
3
3
-3
-11
-11
-16
-16
-14
-15
-13
-15
-18
-29
-25
-21
-12
-4
-3
-2
-4
-10
-8
-4
0
-2
4
7
6
2
-10
-24
-32
-36
-28
-24
-24
-19
-16
-13
-9
-5
3
22
26
24
21
10
-6
-10
-13
-19
-25
-28
-37
-39
-38
-34
-35
-25
-11
-8
-6
0
5
8
10
14
13
8
8
2
-5
-17
-22
-31
-37
-39
-38
-35
-26
-12
-1
5
18
20
16
18
26
30
21
5
-19
-29
-37
-42
-43
-42
-42
-41
-47
-44
-23
-6
7
21
31
34
36
26
22
14
-1
-12
-33
-41
-50
-59
-59
-52
-37
-19
-4
13
25
34
42
34
23
10
1
-6
-19
-39
-41
-47
-49
-44
-34
-23
-11
3
11
11
16
21
22
20
9
-9
-19
-31
-36
-38
-40
-36
-26
-15
-9
-3
11
14
18
16
14
8
0
-18
-26
-29
-33
-42
-41
-35
-25
-9
5
12
13
18
19
19
15
5
-5
-15
-26
-34
-36
-35
-31
-25
-22
-21
-17
-5
5
7
9
9
4
1
-2
-11
-17
-9
-13
-19
-15
-19
-20
-16
-10
-5
-6
-9
-12
-8
-11
-16
-19
-17
-13
-11
-6
1
7
9
10
14
15
10
3
-9
-20
-34
-48
-49
-50
-40
-38
-32
-23
-5
14
30
35
39
38
33
20
4
-21
-38
-43
-52
-64
-62
-56
-49
-32
-17
-3
16
32
39
50
56
45
29
16
0
-19
-39
-49
-64
-75
-70
-66
-60
-43
-20
2
26
45
50
59
56
46
37
16
-9
-30
-47
-65
-72
-70
-67
-59
-45
-31
-17
6
25
38
43
41
40
36
28
15
-2
-21
-36
-50
-54
-56
-59
-56
-46
-39
-20
-1
20
34
40
43
40
34
21
8
-9
-20
-32
-45
-51
-51
-45
-41
-29
-18
-6
-2
-1
8
15
18
17
20
10
-2
-2
-7
-19
-25
-23
-24
-25
-26
-29
-27
-22
-14
-12
-8
-4
-3
-6
-4
-7
-7
-5
4
7
3
1
0
-5
-11
-11
-16
-22
-24
-28
-32
-36
-37
-27
-20
-2
9
21
22
20
16
20
22
16
2
-5
-18
-32
-42
-49
-47
-48
-41
-38
-29
-21
-10
7
21
37
41
37
30
23
17
2
-13
-27
-42
-55
-63
-66
-61
-57
-47
-26
-3
19
41
53
57
53
45
34
19
-4
-28
-45
-59
-70
-72
-67
-61
-50
-31
-11
4
28
36
43
54
58
50
33
12
-8
-32
-52
-62
-72
-74
-73
-66
-51
-27
-6
14
37
53
61
56
52
40
15
-7
-26
-49
-65
-68
-76
-69
-54
-38
-17
4
20
36
41
43
41
38
22
7
-7
-21
-37
-50
-53
-61
-62
-50
-40
-24
-6
6
20
35
46
39
29
18
12
0
-23
-40
-45
-51
-57
-53
-35
-21
-9
0
8
17
22
26
19
11
-1
-11
-17
-22
-25
-27
-27
-20
-14
-14
-11
-9
-5
0
0
3
7
3
2
-4
-12
-19
-20
-25
-23
-27
-24
-24
-17
-12
-12
-5
0
3
8
9
6
-5
-7
-16
-23
-21
-18
-18
-17
-14
-14
-12
-5
4
6
6
1
-4
-11
-12
-12
-13
-15
-14
-20
-24
-17
-13
-12
-13
-13
-3
0
4
0
-5
-7
-8
-10
-12
-12
-13
-16
-17
-19
-24
-24
-17
-12
-6
4
2
0
2
6
3
-6
-7
-8
-10
-13
-19
-29
-29
-23
-19
-18
-13
-7
-7
-7
-1
-3
2
6
7
2
-1
-8
-13
-16
-15
-16
-12
-20
-21
-22
-21
-18
-11
-4
-4
1
4
-1
-3
-7
-13
-16
-19
-18
-15
-14
-17
-12
-9
-8
-4
-1
1
-2
-8
-14
-11
-10
-18
-16
-15
-7
-11
-8
-6
-5
-5
-6
-4
2
0
-5
-7
-14
-13
-16
-19
-21
-26
-27
-27
-21
-10
-4
2
5
8
9
13
10
-1
-4
-9
-19
-26
-37
-38
-32
-33
-25
-13
0
5
10
8
6
9
9
9
2
-5
-14
-29
-26
-21
-30
-29
-23
-20
-14
-10
-7
-3
-4
-4
0
7
7
5
3
-2
-10
-20
-20
-25
-27
-21
-20
-14
-13
-2
-1
0
0
-6
-9
-3
-3
-7
-15
-16
-21
-15
-12
-13
-11
-7
-7
4
-3
-13
-13
-18
-21
-20
-18
-17
-9
-8
-11
-7
2
4
0
0
2
1
-6
-10
-16
-19
-20
-24
-24
-26
-23
-18
-14
-3
2
2
3
10
11
4
2
-3
-4
-6
-11
-23
-28
-33
-35
-27
-23
-16
-11
-1
5
8
7
9
2
-9
-13
-15
-15
-16
-20
-21
-26
-20
-7
-9
-7
-4
3
5
2
-1
-6
-8
-11
-18
-17
-16
-16
-13
-14
-9
-10
-10
1
0
-6
-2
-5
-7
-8
-14
-13
-15
-11
-17
-18
-17
-16
-12
-9
-3
-1
-1
-2
-1
-4
-8
-12
-16
-14
-16
-15
-12
-18
-19
-20
-8
-1
-3
-5
-4
-6
-8
-6
-8
-12
-8
-4
-9
-12
-13
-7
-6
-8
-10
-4
-1
-8
-10
-11
-16
-20
-16
-12
-9
-8
-9
-13
-12
-11
-5
-2
-4
-7
-11
-12
-14
-14
-12
-8
-13
-14
-16
-20
-16
-16
-15
-13
-6
0
4
5
5
2
-2
-6
-12
-15
-19
-26
-27
-26
-21
-22
-14
-2
5
3
7
3
0
0
0
-7
-12
-9
-10
-11
-18
-19
-21
-22
-17
-14
-19
-25
-19
-11
-1
3
6
9
7
4
1
-4
-11
-12
-19
-26
-29
-23
-22
-25
-24
-20
-13
-9
-3
2
7
15
14
9
3
-1
0
-4
-15
-20
-22
-33
-35
-42
-37
-32
-23
-13
2
15
25
29
29
21
19
6
-9
-14
-26
-41
-48
-47
-44
-33
-30
-22
-8
3
14
16
23
20
20
15
4
-8
-19
-30
-27
-31
-34
-24
-23
-22
-15
-12
-4
-5
4
10
5
-1
-2
-12
-16
-12
-10
-15
-18
-13
-8
-8
-8
-4
3
0
-11
-16
-20
-24
-28
-26
-24
-19
-14
-13
2
10
12
13
13
12
8
1
-5
-21
-33
-32
-34
-38
-36
-26
-23
-16
-12
-7
2
7
19
24
28
18
6
-3
-6
-20
-21
-21
-31
-34
-35
-31
-31
-32
-15
-2
3
7
15
18
15
11
3
-2
-5
-10
-16
-18
-24
-33
-33
-34
-27
-17
-15
-11
-1
1
4
2
4
7
1
4
10
-1
-9
-19
-28
-31
-30
-25
-26
-28
-20
-16
-9
2
6
7
10
9
7
1
-11
-12
-9
-8
-15
-24
-25
-29
-25
-17
-12
-3
-1
7
9
3
-4
-9
-3
-8
-15
-13
-12
-15
-24
-25
-27
-17
-16
-15
-9
-7
-2
-2
5
9
14
6
0
-6
-10
-19
-28
-30
-26
-31
-31
-25
-17
-16
-11
-3
9
15
15
13
8
4
-6
-11
-14
-15
-15
-20
-23
-20
-27
-30
-22
-14
-10
-6
-1
3
9
8
3
-4
-2
-6
-9
-12
-17
-21
-27
-30
-25
-21
-15
-11
-4
-2
2
-1
5
0
0
3
-6
-12
-16
-20
-17
-15
-10
-12
-14
-11
-11
-13
-12
-12
-12
-14
-9
-4
-6
-13
-12
-12
-11
-5
-1
-3
-5
-8
-6
-5
0
-1
-7
-14
-19
-20
-19
-29
-26
-19
-15
-15
-13
-4
-3
-2
5
4
7
3
2
-1
-10
-14
-17
-21
-25
-26
-25
-14
-13
-15
-15
-6
-5
-5
3
4
2
4
6
5
-1
-3
-6
-15
-24
-35
-37
-35
-30
-22
-21
-14
-5
4
11
14
20
17
11
6
-2
-11
-18
-29
-36
-38
-37
-28
-20
-16
-11
-4
5
6
5
7
11
10
0
-7
-15
-20
-29
-27
-24
-24
-24
-17
-12
-8
-6
-2
7
12
8
8
-2
-13
-17
-13
-21
-26
-26
-24
-20
-16
-5
3
8
11
17
16
4
-8
-16
-22
-28
-32
-30
-24
-26
-20
-17
-5
1
10
10
9
6
5
1
-9
-23
-24
-26
-29
-23
-24
-22
-20
-12
-3
8
11
11
9
9
3
-6
-14
-23
-28
-33
-32
-30
-30
-23
-18
-6
4
19
23
28
25
12
0
-11
-26
-32
-36
-36
-37
-36
-34
-31
-17
-3
10
20
27
28
26
19
9
-5
-18
-24
-32
-35
-35
-39
-45
-40
-30
-15
-8
5
16
20
24
23
20
14
10
3
-10
-25
-32
-45
-47
-49
-44
-32
-20
-13
-1
8
15
18
17
17
17
9
2
-9
-19
-21
-26
-29
-32
-29
-22
-17
-18
-14
-8
-9
-6
3
10
11
10
5
-2
-7
-12
-14
-14
-15
-18
-19
-22
-24
-28
-26
-22
-11
-2
0
3
5
0
-3
-7
-3
3
2
0
-4
-14
-16
-14
-19
-22
-24
-23
-18
-19
-22
-21
-18
-11
1
6
8
3
2
5
0
-3
-3
-5
-6
-11
-13
-22
-32
-33
-27
-22
-13
-5
-2
-8
-7
-7
-2
2
5
9
7
9
3
-9
-20
-23
-26
-30
-27
-24
-27
-23
-19
-18
-10
2
11
12
11
9
4
-1
-1
-6
-12
-15
-14
-21
-24
-29
-28
-27
-24
-22
-16
-12
-11
-5
3
4
11
16
18
18
16
3
-4
-18
-30
-33
-35
-36
-33
-34
-31
-24
-17
-9
2
8
20
27
25
25
17
8
-3
-11
-19
-35
-38
-46
-46
-50
-46
-39
-30
-15
2
19
30
33
31
30
24
16
2
-10
-23
-37
-51
-54
-55
-50
-44
-26
-4
6
15
24
27
28
23
20
12
-2
-10
-23
-37
-42
-47
-45
-41
-32
-21
-11
1
12
23
25
23
20
17
4
-8
-17
-31
-32
-38
-39
-40
-30
-21
-14
-5
6
15
24
25
16
4
-5
-17
-30
-28
-33
-35
-32
-24
-18
-15
-13
-6
6
13
15
12
10
10
4
-2
-7
-19
-27
-35
-35
-35
-33
-35
-24
-13
-1
5
11
24
24
17
12
0
-3
-13
-18
-26
-34
-36
-32
-24
-23
-22
-17
-10
-1
6
8
5
6
6
9
0
-6
-5
-15
-19
-22
-26
-26
-21
-19
-20
-18
-16
-10
-4
0
0
4
2
4
6
1
-2
-3
-16
-20
-19
-20
-22
-26
-26
-24
-17
-18
-20
-11
-3
7
11
12
9
7
6
1
-5
-9
-15
-23
-34
-35
-34
-32
-24
-24
-15
-6
0
9
22
28
21
17
12
-3
-13
-22
-29
-34
-39
-40
-33
-29
-26
-21
-14
0
6
13
15
12
12
12
6
0
-13
-20
-27
-30
-31
-33
-32
-31
-28
-13
-1
6
8
10
14
9
9
3
3
-2
-14
-19
-28
-39
-34
-32
-29
-20
-14
-3
-1
5
10
14
16
13
2
-2
-6
-15
-23
-30
-35
-34
-30
-25
-19
-12
-9
-3
2
14
20
18
10
3
2
-10
-21
-30
-34
-34
-27
-25
-23
-11
-5
4
3
4
6
7
6
1
0
-4
-10
-21
-28
-34
-32
-26
-18
-14
-10
-6
-4
0
-1
3
4
7
6
-8
-11
-9
-16
-22
-21
-22
-22
-15
-16
-18
-14
-3
-2
-4
-6
1
-1
1
1
-4
-9
-14
-12
-14
-16
-19
-21
-15
-12
-12
-10
-10
-8
-15
-13
-12
-12
-15
-10
-2
1
0
-2
-4
-5
-2
0
-3
-8
-13
-15
-13
-17
-22
-20
-20
-16
-17
-15
-9
-6
0
4
3
-2
-3
0
1
-1
-6
-9
-15
-24
-21
-25
-28
-25
-27
-23
-21
-11
-5
-2
4
14
13
8
8
3
3
0
-11
-20
-24
-25
-30
-33
-33
-33
-30
-18
-11
-10
-1
13
21
22
27
21
17
13
2
-12
-23
-38
-52
-60
-62
-56
-39
-19
-8
0
14
30
39
39
35
33
24
6
-8
-18
-37
-51
-59
-63
-61
-49
-43
-31
-18
-4
14
37
45
48
43
31
20
10
-7
-26
-44
-56
-58
-54
-57
-55
-43
-29
-7
14
25
26
31
36
34
36
25
9
-6
-23
-38
-47
-51
-50
-46
-43
-38
-32
-19
-5
3
22
31
30
25
22
18
9
1
-10
-14
-26
-34
-33
-40
-42
-43
-36
-25
-16
-7
1
5
8
16
12
18
16
10
6
-4
-11
-19
-25
-30
-30
-36
-38
-40
-37
-31
-22
-7
3
11
23
26
27
26
24
17
8
-4
-20
-28
-37
-50
-48
-49
-44
-33
-26
-16
-12
1
12
23
25
27
22
15
13
-4
-12
-22
-30
-36
-37
-40
-39
-35
-31
-19
-5
7
13
20
23
21
19
6
-2
-13
-23
-23
-27
-35
-36
-35
-29
-21
-10
2
10
15
14
9
3
0
-7
-11
-15
-20
-21
-20
-23
-20
-17
-12
-5
0
4
1
-5
-5
-10
-9
-11
-23
-18
-18
-17
-24
-24
-20
-13
-5
5
12
13
8
1
1
-6
-16
-22
-27
-20
-25
-30
-29
-19
-15
-9
-1
10
14
12
5
0
-3
-8
-13
-20
-15
-20
-25
-26
-25
-21
-12
-7
-1
-1
-3
1
7
8
6
4
2
0
-5
-10
-19
-26
-29
-32
-32
-33
-27
-20
-9
-2
-1
3
10
19
13
9
10
4
-8
-14
-25
-39
-43
-39
-35
-25
-19
-12
-1
8
11
15
11
18
16
6
-4
-12
-14
-20
-33
-39
-40
-38
-28
-23
-15
-2
6
12
21
17
16
6
1
0
-5
-16
-27
-37
-36
-36
-27
-21
-15
-6
0
4
7
5
3
3
5
-2
-9
-5
-12
-23
-27
-25
-19
-14
-8
-6
-9
-6
-6
-7
-4
-4
-10
-12
-22
-25
-23
-21
-21
-18
-13
-5
2
6
5
9
12
16
8
0
-10
-21
-32
-38
-38
-35
-30
-26
-20
-10
-2
7
19
24
23
25
18
5
-7
-17
-24
-31
-37
-36
-36
-35
-39
-38
-26
-12
-2
12
21
23
24
24
18
13
3
-8
-23
-37
-46
-49
-47
-44
-41
-29
-16
-1
5
20
24
27
30
28
22
18
4
-11
-23
-33
-42
-44
-48
-42
-37
-29
-23
-18
-3
11
19
23
25
22
17
13
0
-8
-16
-21
-30
-40
-44
-39
-32
-25
-22
-16
-6
8
21
26
22
20
17
9
-4
-14
-23
-32
-40
-37
-31
-27
-24
-23
-10
-8
-10
1
6
11
10
9
2
-1
-11
-20
-25
-22
-23
-22
-21
-15
-14
-10
-4
5
5
4
5
-1
-10
-14
-16
-16
-22
-23
-28
-20
-16
-10
2
-1
1
7
6
5
1
-6
-8
-15
-24
-24
-25
-27
-28
-24
-18
-12
-7
-3
3
3
7
12
8
8
-2
-6
-8
-16
-26
-30
-29
-27
-28
-25
-15
-11
-4
1
2
5
7
9
4
-2
-3
-10
-14
-19
-20
-22
-28
-26
-24
-19
-14
-12
-8
-1
2
9
7
8
7
-1
-4
-7
-10
-13
-19
-25
-22
-19
-18
-21
-22
-15
-18
-14
-10
-7
-3
4
2
3
4
1
-2
-6
-12
-15
-20
-24
-27
-26
-25
-20
-14
-13
-6
1
1
5
10
11
14
8
4
0
-16
-21
-25
-30
-33
-29
-30
-28
-19
-7
-4
4
8
13
17
14
2
0
-8
-16
-24
-27
-31
-36
-31
-30
-22
-13
-2
1
1
12
17
14
4
0
-8
-9
-9
-21
-31
-33
-30
-24
-21
-17
-10
2
10
9
11
11
7
3
-5
-14
-23
-25
-29
-30
-36
-34
-22
-10
-1
8
15
19
18
17
10
-1
-10
-13
-25
-36
-39
-40
-42
-33
-19
-12
2
12
13
21
17
14
3
-3
-5
-15
-22
-30
-31
-34
-38
-36
-26
-16
-2
3
9
13
15
10
9
6
-3
-9
-13
-27
-32
-28
-28
-28
-24
-20
-11
-3
4
11
11
7
-2
1
-1
-5
-11
-12
-14
-19
-25
-24
-16
-13
-14
-19
-21
-13
-3
3
0
-6
-1
1
-6
-4
-9
-16
-17
-19
-22
-21
-15
-12
-11
-8
-7
0
2
3
2
-1
-5
-9
-14
-15
-16
-21
-16
-15
-11
-14
-13
-9
-11
-10
-3
-4
-5
3
4
-3
-9
-7
-10
-11
-21
-25
-22
-19
-17
-14
-15
-13
-7
3
1
4
5
2
1
-3
-8
-15
-20
-20
-24
-25
-24
-19
-15
-11
-9
1
2
2
7
4
3
3
-5
-11
-13
-13
-21
-20
-29
-29
-24
-22
-19
-10
-1
1
6
12
8
5
6
-2
-8
-12
-16
-20
-27
-24
-27
-25
-22
-17
-12
-11
-4
0
2
4
8
9
5
-3
-13
-14
-11
-10
-19
-27
-26
-21
-20
-16
-14
-14
-6
-3
-5
3
9
6
5
5
-1
-6
-9
-5
-16
-25
-28
-27
-23
-25
-28
-19
-15
-10
-5
1
4
10
10
6
1
-8
-11
-9
-11
-17
-20
-20
-18
-20
-20
-24
-18
-8
-8
-8
-5
-2
-3
2
0
3
5
3
-3
-14
-21
-22
-18
-18
-16
-20
-22
-16
-13
-13
-19
-11
-6
-1
2
5
5
3
1
1
-5
-6
-10
-12
-15
-21
-32
-31
-22
-16
-17
-16
-9
-7
-1
-2
1
6
16
12
5
-3
-8
-10
-17
-27
-27
-28
-26
-24
-26
-22
-19
-11
-5
0
2
6
13
11
10
5
-3
-12
-20
-18
-21
-28
-36
-28
-25
-21
-16
-8
0
3
3
0
-2
0
9
4
1
0
-10
-18
-22
-18
-20
-22
-20
-15
-18
-18
-15
-16
-11
1
9
10
6
5
1
-3
-8
-14
-15
-18
-18
-27
-29
-24
-19
-18
-11
-1
-2
-4
-1
2
5
2
-2
-2
-6
-13
-18
-18
-22
-22
-17
-19
-15
-14
-12
-2
7
7
2
-1
-5
-4
-2
-7
-16
-21
-22
-23
-26
-25
-16
-11
-9
-6
-1
0
-2
0
-6
-7
-9
-14
-17
-20
-18
-21
-18
-11
-5
-1
1
5
0
-7
-4
-4
-9
-13
-11
-17
-19
-21
-20
-16
-13
-7
-4
-2
0
4
-2
-8
-14
-6
-3
-4
-6
-13
-19
-19
-19
-19
-17
-16
-14
-8
-1
-5
-2
-1
-5
-6
-8
-8
-4
-12
-15
-17
-15
-12
-8
-10
-8
-10
-11
-16
-22
-20
-13
-10
-1
0
3
4
2
-1
-7
-9
-8
-13
-16
-23
-27
-26
-23
-15
-18
-16
-9
-6
2
7
18
16
13
3
-8
-11
-17
-20
-22
-30
-34
-38
-32
-23
-18
-3
4
7
11
18
19
18
5
-6
-12
-18
-22
-30
-34
-33
-32
-24
-18
-6
-2
0
7
8
11
12
11
6
-4
-10
-21
-35
-36
-30
-28
-20
-15
-8
-5
5
9
9
6
6
6
1
-11
-19
-24
-30
-34
-34
-31
-21
-15
-7
4
11
12
6
11
10
7
3
-7
-17
-28
-33
-32
-34
-33
-28
-30
-17
-2
9
15
19
13
6
1
2
-7
-11
-17
-23
-23
-27
-29
-24
-18
-13
-15
-12
-10
-10
-2
5
7
7
1
6
5
-1
-9
-10
-16
-16
-18
-18
-22
-22
-28
-27
-24
-19
-17
-4
2
-2
4
14
14
8
4
0
2
7
-6
-18
-30
-40
-38
-38
-34
-27
-23
-19
-9
1
5
10
14
24
21
21
10
2
-5
-22
-33
-36
-36
-38
-43
-42
-33
-28
-13
0
15
29
29
28
24
15
7
4
-6
-18
-35
-45
-47
-45
-45
-37
-34
-26
-6
4
11
20
26
29
26
16
8
-1
-9
-21
-34
-37
-39
-33
-31
-30
-24
-12
-5
1
4
7
10
6
7
7
0
-5
-12
-22
-21
-22
-22
-21
-17
-11
-14
-9
-10
-5
-5
-6
-2
-9
-13
-12
-13
-15
-8
-2
-2
1
-5
-11
-16
-12
-12
-14
-14
-13
-18
-13
-14
-11
-12
-9
-2
-3
-3
0
-4
-6
-12
-14
-18
-20
-19
-18
-19
-15
-7
-2
4
6
7
10
7
1
-4
-10
-19
-25
-31
-31
-34
-29
-21
-13
-9
-2
9
10
11
12
11
5
-1
-5
-7
-18
-35
-40
-37
-36
-34
-22
-12
-5
5
5
14
21
15
12
7
0
-7
-12
-22
-26
-31
-36
-37
-33
-21
-17
-13
-2
-1
0
7
5
-1
-2
-6
-5
-7
-7
-12
-13
-8
-9
-11
-10
-9
-11
-14
-8
-15
-21
-20
-16
-11
-9
-3
-1
0
3
3
0
-6
-6
-4
-4
-12
-18
-16
-16
-17
-20
-23
-23
-25
-23
-21
-15
-3
5
7
7
10
10
7
8
4
-4
-11
-17
-23
-30
-35
-40
-38
-36
-25
-16
-14
-7
8
13
15
20
20
19
15
6
1
-10
-21
-28
-31
-43
-43
-43
-36
-26
-19
-11
-1
11
20
22
22
20
18
14
3
-5
-23
-33
-41
-48
-45
-39
-35
-27
-18
-3
2
8
18
21
21
17
15
5
-8
-16
-27
-32
-34
-33
-32
-28
-26
-21
-12
-6
0
8
10
14
9
9
5
-2
-13
-25
-26
-24
-25
-26
-26
-25
-19
-7
-3
-1
4
16
16
11
4
0
-8
-13
-18
-19
-22
-28
-33
-32
-23
-16
-10
-2
0
2
9
12
13
12
5
-2
-10
-19
-29
-35
-32
-31
-33
-25
-22
-15
-8
0
9
15
15
16
8
5
0
-7
-13
-21
-31
-34
-35
-32
-33
-29
-22
-8
-1
9
15
22
18
14
10
0
-3
-6
-12
-25
-37
-41
-42
-38
-31
-22
-14
-6
6
13
18
19
20
17
9
7
-1
-7
-16
-32
-38
-42
-45
-41
-35
-29
-17
-6
2
11
16
15
19
16
9
6
0
-7
-13
-29
-36
-38
-32
-34
-30
-22
-18
-11
-3
-1
8
23
23
21
15
11
2
-14
-21
-26
-35
-43
-42
-36
-30
-20
-14
-5
1
11
14
14
15
14
10
-2
-10
-18
-24
-27
-35
-33
-32
-22
-16
-8
1
3
12
7
7
6
6
3
-10
-19
-20
-28
-31
-27
-31
-22
-17
-16
-8
-3
4
5
15
3
-5
-7
-13
-16
-20
-24
-24
-18
-13
-13
-7
0
0
3
3
8
8
-1
-12
-21
-18
-18
-25
-29
-27
-22
-16
-12
-11
-10
2
11
18
18
7
-2
-7
-14
-20
-22
-22
-24
-32
-27
-23
-17
-12
-2
3
11
11
7
3
-2
-6
-8
-8
-17
-27
-26
-27
-28
-22
-16
-8
-6
-2
0
5
11
2
-1
-4
-9
-15
-17
-24
-25
-20
-15
-15
-15
-12
-8
-6
-5
0
1
-2
-4
-6
-11
-13
-21
-19
-11
-10
-11
-9
-5
-7
-7
-1
-4
-9
-5
-9
-8
-12
-17
-19
-24
-23
-22
-18
-11
-2
1
-2
6
7
5
7
7
-6
-12
-18
-23
-24
-27
-29
-27
-24
-17
-13
-13
-4
5
13
21
16
13
6
0
-10
-19
-22
-30
-35
-32
-33
-33
-26
-15
-10
-1
10
12
15
15
12
8
5
-6
-21
-31
-36
-34
-29
-30
-28
-19
-6
2
11
14
15
18
12
5
-4
-17
-23
-26
-30
-34
-34
-34
-26
-19
-18
-11
3
14
26
27
19
9
1
-3
-15
-29
-38
-38
-42
-41
-31
-20
-7
4
9
11
18
19
21
16
7
-5
-17
-24
-32
-37
-41
-32
-26
-20
-15
-8
2
10
14
14
12
12
6
-1
-16
-26
-32
-33
-34
-30
-25
-17
-13
-4
3
6
10
19
16
3
-3
-14
-21
-25
-26
-35
-30
-23
-21
-20
-12
-5
3
10
13
12
9
3
0
-8
-17
-26
-30
-35
-33
-26
-26
-20
-18
-5
4
22
27
23
15
11
-2
-11
-13
-21
-33
-43
-41
-43
-36
-27
-24
-11
4
18
24
25
21
22
13
1
-9
-19
-25
-36
-43
-43
-40
-40
-32
-20
-8
4
13
19
24
29
29
28
17
0
-12
-31
-47
-48
-49
-45
-46
-37
-28
-13
5
10
19
29
33
30
25
20
5
-8
-24
-38
-52
-61
-61
-54
-48
-36
-16
7
20
29
30
33
39
38
21
2
-11
-16
-26
-45
-60
-53
-57
-51
-33
-18
-6
6
12
30
36
32
35
25
16
1
-19
-38
-45
-48
-44
-43
-43
-42
-28
-12
0
8
14
18
25
24
18
9
4
-10
-19
-23
-28
-32
-33
-31
-26
-19
-12
-10
-7
-9
-7
-2
-1
-1
-4
-1
-2
-2
2
0
-2
-3
-8
-12
-17
-20
-22
-19
-20
-20
-19
-14
-9
-8
-2
-1
-5
-2
-3
2
6
5
1
-10
-11
-13
-22
-27
-30
-29
-26
-24
-23
-24
-18
-8
3
4
9
14
14
11
5
4
-3
-8
-11
-21
-32
-31
-31
-31
-28
-24
-19
-12
-3
1
4
8
10
14
9
6
1
-3
-15
-19
-21
-23
-31
-33
-26
-27
-23
-18
-15
-5
1
9
10
17
20
9
-2
-4
-13
-21
-24
-29
-36
-34
-26
-20
-16
-11
-9
-1
9
14
9
8
12
7
-3
-7
-16
-21
-25
-31
-29
-29
-25
-25
-22
-16
-8
5
13
15
19
18
13
6
0
-8
-17
-26
-31
-35
-35
-34
-31
-28
-16
-4
0
-1
5
8
9
11
16
12
1
-7
-16
-26
-35
-33
-38
-35
-26
-22
-17
-10
-3
8
9
21
24
21
16
10
4
-10
-28
-36
-36
-37
-45
-44
-40
-32
-20
-8
8
23
26
27
21
21
14
7
-4
-14
-28
-31
-38
-43
-44
-37
-33
-30
-18
-2
9
12
24
29
30
29
17
4
-10
-22
-31
-36
-45
-46
-45
-37
-31
-22
-6
5
13
20
22
28
24
17
7
-1
-18
-29
-31
-35
-37
-37
-34
-27
-21
-15
-9
-1
7
12
17
16
10
1
-7
-11
-14
-17
-26
-36
-32
-27
-20
-11
-6
-2
1
5
4
-4
-3
-4
-9
-11
-16
-16
-15
-15
-6
-5
-6
3
3
-4
-9
-11
-10
-11
-12
-13
-16
-22
-24
-23
-19
-18
-14
-2
0
-2
1
3
5
3
-1
-6
-10
-18
-22
-22
-26
-24
-24
-22
-17
-15
-11
-5
2
6
6
5
8
6
-1
-9
-13
-15
-20
-20
-18
-19
-20
-20
-20
-17
-13
-9
-1
5
4
1
1
-6
-9
-9
-8
-12
-15
-11
-15
-24
-21
-12
-7
-7
-10
-5
-5
-2
-3
-8
-9
-8
-6
-7
-14
-16
-13
-13
-15
-9
-6
-7
-9
-5
-4
-6
-10
-9
-8
-11
-14
-19
-19
-15
-17
-19
-13
-11
-7
-2
-9
-3
6
-1
-1
-6
-9
-9
-6
-11
-15
-19
-27
-22
-18
-17
-13
-10
-6
-3
-1
-2
-1
6
6
1
-5
-13
-13
-13
-18
-21
-24
-29
-25
-18
-12
-3
1
6
4
0
5
5
3
-8
-11
-13
-22
-28
-27
-25
-27
-19
-16
-14
-6
-1
5
9
4
1
2
4
-2
-12
-18
-25
-25
-25
-30
-25
-17
-11
-9
2
8
12
15
9
6
2
-5
-12
-17
-22
-28
-30
-32
-23
-24
-20
-10
-5
-5
-2
1
9
11
8
0
-6
-10
-12
-16
-19
-24
-25
-20
-15
-18
-17
-8
-7
-1
1
1
1
0
0
-2
-1
-5
-9
-12
-11
-11
-18
-23
-22
-18
-18
-21
-21
-16
-12
-6
-4
-3
1
1
-3
3
3
-4
-2
-9
-10
-20
-20
-26
-28
-27
-29
-20
-15
-9
-4
-6
-4
5
18
20
12
4
1
-10
-16
-20
-23
-25
-26
-28
-20
-10
-11
-8
-4
-6
-4
-2
-5
-5
0
-2
-4
-1
-3
-7
-9
-12
-14
-10
-14
-14
-18
-24
-24
-27
-31
-27
-20
-14
-8
-1
10
13
21
23
16
10
11
1
-13
-29
-32
-38
-46
-46
-42
-36
-25
-18
-9
4
22
34
46
43
31
16
2
-16
-29
-40
-51
-59
-59
-49
-44
-35
-19
0
16
30
37
34
33
29
24
13
-7
-26
-41
-49
-57
-58
-52
-41
-28
-16
-1
10
24
29
30
32
27
13
5
-15
-25
-32
-33
-42
-51
-42
-31
-27
-17
-5
4
10
20
19
15
7
3
-10
-15
-21
-29
-27
-26
-28
-18
-10
-7
-9
-11
-3
3
3
7
9
1
-8
-16
-19
-22
-21
-20
-17
-16
-15
-8
-5
1
4
6
7
3
-2
-11
-18
-22
-20
-20
-20
-25
-23
-15
-4
5
6
1
1
7
6
-3
-5
-9
-15
-20
-25
-34
-31
-29
-25
-17
-10
-6
0
8
9
10
12
10
4
-4
-10
-23
-33
-36
-36
-32
-31
-21
-13
-5
5
12
12
14
19
9
1
-6
-17
-25
-32
-30
-27
-28
-28
-22
-12
-1
1
5
6
10
14
9
5
-6
-17
-24
-28
-34
-31
-22
-18
-14
-10
-6
-4
-1
8
17
15
4
-6
-7
-12
-19
-27
-28
-22
-28
-29
-22
-18
-15
-5
5
12
10
9
4
1
-3
-14
-17
-16
-21
-20
-19
-23
-21
-21
-14
-10
-8
-3
0
4
5
1
-3
-2
-9
-11
-8
-9
-12
-18
-21
-16
-15
-16
-18
-23
-16
-9
-8
-4
-3
1
2
-1
1
1
-3
-7
-12
-18
-21
-13
-17
-25
-22
-21
-14
-11
-8
-5
-2
-2
2
1
1
0
-2
-4
-9
-11
-19
-19
-15
-17
-20
-15
-14
-12
-4
-3
-5
-4
-3
-10
-10
-7
-11
-18
-15
-6
-11
-13
-15
-12
-10
-10
-5
-6
-9
-9
-14
-21
-18
-15
-12
-12
-13
-9
-1
2
5
5
4
8
3
-6
-12
-12
-18
-21
-28
-34
-34
-28
-18
-7
-4
-4
7
11
8
3
2
-3
-3
-12
-16
-22
-31
-29
-24
-24
-25
-20
-7
1
2
8
11
9
6
-2
-5
-7
-14
-23
-23
-23
-15
-15
-16
-10
-11
-12
-9
-5
-4
-5
-6
-6
-10
-16
-12
-11
-9
-11
-13
-13
-8
-8
-4
0
-2
-7
-6
-8
-12
-14
-15
-18
-15
-17
-16
-16
-14
-9
-4
2
4
3
6
-5
-10
-12
-14
-15
-16
-21
-21
-16
-8
-8
-10
-8
-8
-3
1
0
-7
-13
-11
-12
-15
-17
-20
-22
-16
-9
-9
-7
-3
-1
2
-1
-4
-10
-13
-17
-17
-18
-12
-11
-19
-19
-17
-16
-8
0
2
3
4
7
6
2
-6
-16
-16
-18
-25
-22
-26
-27
-28
-21
-11
-10
-7
1
7
18
16
10
7
-2
-9
-17
-21
-24
-25
-30
-35
-33
-27
-14
-5
-1
1
2
7
13
9
8
5
-1
-9
-20
-19
-21
-24
-24
-26
-21
-18
-12
-8
-5
-2
3
5
4
5
3
-5
-11
-16
-18
-18
-21
-20
-18
-15
-14
-8
-8
-5
-4
-6
-9
-4
-3
-8
-3
-9
-15
-15
-12
-13
-14
-8
-7
-6
-6
-2
-10
-15
-13
-11
-11
-12
-12
-12
-14
-11
-12
-9
-6
-6
-8
-6
-5
-8
-17
-20
-16
-13
-13
-12
-14
-12
-7
-13
-10
-4
0
-1
1
-4
-6
-5
-10
-13
-16
-15
-17
-18
-20
-13
-12
-9
-5
-6
-4
-6
-9
-2
-4
-8
-9
-8
-11
-8
-8
-12
-9
-11
-11
-15
-11
-8
-6
-8
-11
-11
-17
-17
-14
-11
-8
-12
-10
-11
-5
-9
-7
-5
-4
-1
2
-7
-8
-6
-15
-19
-23
-19
-16
-20
-22
-17
-13
-10
-1
4
6
6
2
0
-4
-8
-13
-13
-18
-23
-24
-23
-22
-18
-13
-10
-4
-2
3
6
4
7
10
2
-6
-13
-22
-26
-27
-27
-30
-23
-19
-18
-9
-2
-6
-5
0
4
8
8
9
1
-10
-10
-15
-18
-22
-22
-26
-28
-26
-17
-12
-6
1
1
2
-1
5
7
0
-4
-3
-6
-8
-13
-20
-24
-22
-23
-24
-24
-19
-17
-9
-2
-3
-3
-1
4
11
6
1
-2
-12
-14
-18
-22
-22
-20
-23
-23
-15
-11
-7
-1
3
8
6
2
-1
-2
-9
-10
-18
-21
-20
-20
-23
-17
-15
-6
-4
-6
-2
3
-4
-5
-5
-7
-11
-20
-21
-21
-21
-14
-15
-14
-7
-4
-3
3
3
-3
-11
-13
-13
-18
-21
-19
-16
-18
-19
-12
-10
-8
2
2
1
5
5
4
-3
-10
-8
-15
-22
-20
-25
-29
-25
-26
-22
-8
1
7
12
12
8
10
8
3
-1
-8
-21
-32
-34
-32
-31
-33
-28
-19
-11
-6
-2
8
19
22
18
13
7
3
-11
-21
-29
-33
-38
-37
-35
-33
-23
-15
-10
-3
5
18
23
22
18
14
5
-8
-20
-26
-33
-42
-42
-42
-38
-27
-19
-8
5
12
22
19
20
18
11
3
-3
-10
-22
-31
-36
-37
-38
-29
-28
-19
-13
-4
8
11
12
10
11
11
3
-7
-9
-13
-24
-25
-26
-30
-36
-30
-21
-17
-6
6
7
10
16
14
14
6
-4
-10
-18
-29
-27
-31
-33
-31
-22
-15
-11
-5
1
4
6
9
6
0
-1
-6
-16
-17
-24
-25
-23
-23
-22
-20
-15
-11
-2
3
6
8
6
4
-4
-5
-8
-14
-15
-24
-30
-24
-23
-19
-13
-13
-5
1
2
3
2
2
1
-5
-11
-17
-21
-25
-22
-18
-14
-13
-10
-9
0
10
11
6
-3
-6
-8
-15
-21
-24
-25
-22
-28
-25
-17
-11
-9
1
8
13
12
14
10
3
-4
-12
-18
-22
-29
-31
-32
-33
-31
-24
-17
-8
-3
7
14
20
19
18
10
2
-3
-14
-22
-34
-39
-37
-39
-36
-30
-20
-9
5
11
14
18
22
17
11
1
-6
-14
-29
-32
-35
-34
-31
-24
-17
-17
-13
-3
8
12
11
12
8
-2
-8
-13
-20
-19
-22
-23
-25
-25
-21
-17
-5
0
3
9
6
4
4
1
-8
-19
-20
-23
-21
-26
-24
-19
-9
-6
-1
-3
0
5
5
-3
-10
-10
-9
-13
-19
-22
-26
-29
-22
-15
-11
-8
-3
3
9
4
1
-4
-2
-6
-15
-14
-18
-17
-17
-22
-22
-20
-13
-8
-10
-8
-7
-1
2
-1
-3
0
-5
-8
-16
-17
-14
-13
-13
-16
-12
-10
-13
-12
-6
-5
-6
-6
-3
-10
-12
-9
-7
-5
-4
-3
-5
-10
-11
-14
-10
-16
-17
-15
-7
-7
-13
-13
-14
-18
-19
-13
-10
-7
-4
-5
-7
-6
-4
-5
-4
-5
-6
-7
-5
-3
-9
-18
-24
-29
-25
-25
-21
-14
-11
-9
-2
3
5
3
8
7
3
0
-4
-14
-19
-23
-28
-33
-30
-29
-23
-16
-9
-3
7
10
18
16
8
3
0
-5
-7
-11
-21
-29
-31
-31
-34
-30
-23
-17
-9
-3
0
-2
3
5
7
6
1
-8
-7
-3
-3
-9
-13
-22
-26
-19
-21
-23
-19
-17
-22
-12
-2
-1
1
-3
-5
4
6
6
5
5
-2
-13
-19
-23
-23
-22
-31
-36
-37
-30
-18
-17
-6
8
13
18
19
16
15
11
5
-8
-18
-27
-29
-32
-41
-46
-40
-28
-21
-9
5
14
15
16
24
16
6
1
-6
-15
-18
-33
-34
-30
-31
-21
-23
-16
-7
-1
6
6
6
2
-1
1
-1
-11
-18
-27
-21
-12
-12
-18
-15
-11
-10
-5
-1
2
-4
-8
-13
-19
-21
-13
-12
-11
-12
-14
-8
0
-3
-2
0
-1
-6
-4
-3
-8
-12
-21
-25
-27
-28
-22
-20
-12
-5
-3
1
7
9
11
9
-1
-7
-7
-13
-19
-19
-21
-30
-26
-18
-23
-17
-6
-4
-2
5
5
2
3
4
2
-2
-7
-16
-26
-25
-23
-25
-27
-22
-16
-11
-11
-4
4
8
11
4
3
1
-3
-7
-12
-19
-15
-21
-27
-28
-24
-23
-16
-8
-2
1
5
7
2
-2
-4
-4
-9
-17
-14
-15
-24
-26
-23
-23
-23
-12
-5
-4
3
5
3
8
1
-2
-2
-7
-12
-20
-24
-25
-24
-21
-16
-17
-14
-8
-5
-1
-2
-3
2
5
8
4
-2
-7
-9
-16
-17
-17
-27
-30
-26
-25
-16
-10
-7
-9
-3
-2
4
6
5
4
2
-7
-11
-15
-14
-25
-24
-20
-12
-14
-17
-12
-7
-5
-5
-4
-4
3
3
-4
-12
-9
-12
-16
-20
-20
-22
-24
-20
-17
-11
-13
-6
3
12
13
7
4
-5
-12
-12
-13
-17
-18
-20
-20
-21
-19
-18
-12
-9
-3
0
-1
-2
3
7
2
1
-7
-13
-20
-26
-26
-28
-27
-24
-20
-13
-5
-4
-5
-2
8
8
6
2
-1
-6
-15
-15
-16
-20
-20
-20
-21
-20
-18
-15
-10
-6
-5
2
9
4
-1
1
-3
-6
-7
-12
-15
-15
-17
-21
-24
-22
-18
-16
-10
-11
-7
-1
-2
-2
-4
2
1
-5
-7
-9
-12
-13
-17
-22
-19
-17
-17
-18
-14
-14
-14
-12
-6
-3
-2
0
0
3
-2
-1
-3
-7
-11
-10
-15
-18
-19
-14
-17
-14
-18
-19
-14
-10
-10
-8
-4
1
0
-2
0
4
-2
-7
-9
-12
-13
-14
-18
-20
-21
-25
-22
-25
-22
-15
-8
3
5
8
6
8
9
2
-6
-6
-10
-18
-20
-29
-30
-34
-30