# 2019-09-17 14:59:33.954924
# resolution = 2
# velocity = 3
# LP filter = 5
# HP filter = 2
# gain = 1

# direction: 0
2
20
36
50
55
48
37
21
4
-19
-42
-66
-77
-83
-86
-89
-79
-56
-25
11
52
92
118
124
117
92
58
19
-26
-72
-113
-147
-166
-164
-143
-103
-51
10
68
111
138
143
136
122
92
48
-1
-56
-112
-160
-191
-200
-187
-144
-96
-48
9
58
102
142
174
187
185
155
103
25
-50
-115
-175
-212
-223
-209
-180
-139
-81
-7
69
148
205
238
243
208
150
84
6
-78
-145
-190
-226
-244
-239
-209
-160
-92
-17
64
134
176
196
194
180
151
112
58
0
-66
-135
-187
-220
-232
-215
-175
-123
-64
-3
59
117
172
207
216
204
173
114
41
-32
-94
-141
-171
-187
-183
-168
-143
-107
-62
-7
50
95
119
127
121
107
83
58
35
9
-23
-63
-101
-131
-147
-146
-126
-100
-69
-38
-6
28
53
78
97
106
105
87
59
22
-16
-43
-55
-59
-55
-55
-51
-50
-49
-48
-41
-19
-3
2
4
1
-3
5
19
39
54
57
58
40
13
-15
-39
-56
-70
-80
-90
-94
-95
-94
-82
-54
-19
19
49
72
88
97
99
98
91
79
53
14
-31
-79
-118
-152
-167
-160
-145
-121
-83
-37
22
80
131
173
197
192
156
108
49
-14
-77
-135
-178
-205
-216
-211
-188
-146
-84
-22
50
108
146
170
186
184
167
137
89
30
-38
-107
-165
-206
-226
-224
-197
-153
-97
-33
36
105
171
216
240
232
203
143
66
-14
-94
-156
-199
-222
-227
-217
-184
-138
-83
-14
55
117
162
178
172
149
116
76
31
-9
-58
-105
-145
-176
-188
-174
-145
-94
-38
15
61
90
116
130
131
125
107
71
22
-25
-70
-105
-119
-113
-84
-59
-38
-19
-2
3
8
15
20
18
12
4
-8
-18
-21
-21
-9
7
15
16
8
-4
-21
-30
-41
-46
-46
-47
-48
-49
-49
-41
-20
5
32
55
65
61
57
44
36
23
9
-9
-31
-59
-87
-103
-106
-100
-71
-40
1
39
61
73
77
74
65
45
17
-18
-54
-89
-113
-119
-105
-80
-44
-5
31
55
69
67
60
50
31
11
-19
-53
-77
-94
-93
-87
-62
-33
7
37
59
78
85
87
82
71
51
14
-26
-71
-113
-144
-158
-152
-124
-85
-42
3
47
85
119
145
154
144
110
60
0
-68
-129
-165
-184
-185
-163
-133
-92
-49
-6
46
94
130
154
159
144
116
73
27
-15
-55
-86
-105
-120
-132
-134
-128
-111
-81
-39
5
50
87
106
117
113
92
74
52
24
-10
-42
-77
-105
-129
-135
-122
-98
-67
-35
-10
8
19
32
45
63
75
82
82
73
48
14
-20
-45
-60
-71
-76
-76
-80
-83
-81
-63
-32
10
48
76
89
86
64
38
15
-4
-17
-26
-31
-45
-66
-81
-87
-76
-59
-30
-3
13
13
2
-9
-10
-3
12
29
42
38
28
7
-21
-34
-31
-28
-17
-13
-19
-31
-41
-41
-33
-16
4
19
26
24
14
0
-5
1
12
24
27
19
1
-23
-44
-60
-64
-59
-55
-52
-45
-38
-27
-9
14
36
56
69
65
46
16
-11
-38
-55
-63
-67
-66
-60
-55
-45
-22
1
21
35
48
57
58
41
28
13
-4
-19
-30
-44
-55
-65
-69
-70
-63
-46
-26
-3
21
38
49
55
50
39
21
6
-14
-36
-55
-67
-76
-78
-69
-55
-35
-12
14
33
45
47
45
41
31
21
11
-3
-16
-27
-37
-45
-50
-48
-36
-24
-14
-10
-7
-2
4
10
15
21
24
17
9
-8
-20
-32
-37
-41
-38
-38
-41
-39
-32
-22
-13
-3
8
18
20
17
15
5
3
-2
-6
-10
-17
-22
-28
-36
-37
-34
-29
-18
-9
2
14
27
36
41
44
40
26
9
-17
-37
-59
-80
-93
-94
-85
-69
-41
-11
17
49
71
84
83
69
50
21
-10
-48
-76
-99
-113
-116
-102
-79
-47
-11
22
55
81
97
100
96
75
45
10
-24
-55
-83
-100
-99
-90
-72
-50
-28
-4
22
47
64
71
64
50
28
-8
-41
-66
-81
-85
-79
-65
-46
-24
-2
17
38
53
56
54
30
-3
-40
-67
-79
-81
-76
-57
-36
-10
10
31
54
73
84
85
71
40
-2
-41
-67
-83
-89
-85
-70
-54
-42
-28
-12
11
34
52
62
64
49
28
7
-13
-28
-45
-50
-55
-60
-61
-58
-52
-44
-25
0
20
31
35
32
24
15
-1
-6
-8
-14
-22
-24
-28
-26
-17
-10
-3
8
12
3
-12
-20
-23
-24
-20
-16
-6
1
4
4
-5
-10
-10
-13
-18
-21
-26
-27
-24
-23
-16
-8
5
14
19
17
4
-11
-24
-31
-34
-35
-35
-32
-24
-12
0
12
21
24
28
24
23
19
6
-2
-11
-19
-23
-29
-29
-36
-47
-52
-53
-51
-46
-28
-8
15
33
43
50
50
43
31
17
-1
-24
-51
-73
-85
-92
-88
-73
-52
-32
-7
12
31
39
43
47
51
57
55
49
32
11
-16
-36
-50
-68
-83
-86
-84
-81
-67
-51
-23
11
46
82
97
97
83
59
28
-5
-33
-58
-74
-86
-93
-95
-89
-73
-45
-17
7
33
46
53
47
39
33
29
20
15
6
-6
-23
-43
-61
-72
-69
-59
-40
-21
0
21
32
39
41
39
33
19
-6
-35
-51
-71
-83
-71
-44
-18
12
37
47
45
35
18
1
-16
-30
-46
-62
-74
-75
-65
-47
-20
5
31
47
50
42
34
28
22
19
18
12
-4
-27
-52
-73
-84
-85
-76
-62
-41
-20
2
25
49
76
98
102
90
58
9
-40
-78
-108
-119
-117
-101
-76
-48
-19
7
33
53
59
60
51
32
9
-12
-24
-28
-33
-27
-17
-16
-20
-24
-34
-41
-43
-31
-22
-12
2
13
24
30
34
34
24
9
-11
-31
-49
-60
-54
-42
-24
2
25
29
25
17
3
-21
-35
-43
-53
-57
-50
-29
-12
10
33
49
55
52
32
5
-26
-49
-57
-56
-54
-40
-27
-16
-4
1
9
10
5
-5
-11
-12
-15
-6
2
11
26
33
29
20
-1
-25
-47
-67
-81
-80
-68
-44
-13
10
34
44
46
42
29
9
-13
-28
-41
-47
-46
-28
-4
14
26
27
17
-6
-29
-49
-62
-68
-63
-46
-22
3
29
51
65
70
62
43
18
-15
-50
-68
-75
-74
-62
-48
-30
-10
2
8
6
10
9
8
6
9
16
22
23
22
16
4
-21
-46
-75
-98
-108
-109
-91
-59
-17
33
76
103
114
110
88
57
20
-24
-64
-89
-105
-105
-91
-64
-32
-3
14
23
19
14
6
-3
-7
-5
2
12
23
25
26
20
8
-11
-36
-57
-76
-88
-86
-68
-41
-8
25
46
69
73
65
47
14
-16
-43
-58
-61
-58
-46
-24
-4
10
19
17
0
-17
-32
-45
-45
-34
-17
3
28
42
49
48
35
13
-12
-42
-72
-87
-88
-73
-55
-23
12
42
54
54
46
23
-7
-36
-61
-73
-72
-56
-29
-3
29
49
59
57
45
20
-10
-37
-59
-66
-65
-53
-31
-7
15
32
33
31
22
3
-14
-22
-28
-23
-7
3
15
13
1
-16
-43
-68
-91
-108
-111
-96
-66
-22
30
91
135
154
156
132
83
21
-40
-98
-143
-163
-164
-151
-115
-69
-13
36
73
97
102
94
69
46
22
3
-7
-10
-14
-21
-35
-54
-78
-98
-112
-114
-101
-77
-44
2
50
96
134
153
142
111
63
2
-60
-116
-152
-163
-147
-113
-72
-28
20
56
82
95
91
68
37
9
-18
-40
-44
-32
-13
1
10
6
-9
-28
-53
-72
-84
-85
-73
-50
-18
20
52
78
90
86
59
24
-16
-60
-91
-101
-94
-71
-39
-9
14
25
27
23
7
-12
-27
-39
-42
-38
-23
2
39
68
81
86
71
32
-15
-57
-93
-107
-109
-98
-73
-38
0
34
65
82
77
61
32
1
-31
-57
-66
-61
-47
-24
-8
0
-5
-19
-39
-55
-62
-64
-54
-36
-9
19
47
79
97
96
85
54
7
-43
-86
-116
-123
-107
-80
-44
-6
25
44
60
61
55
45
33
13
-11
-31
-44
-47
-37
-23
-15
-19
-31
-48
-65
-80
-81
-66
-38
-1
36
66
84
85
81
66
46
18
-16
-55
-89
-109
-111
-94
-62
-15
24
51
56
50
36
17
7
0
-4
-3
3
-2
-11
-19
-25
-35
-42
-52
-54
-64
-71
-63
-44
-19
14
47
62
67
57
29
-1
-31
-52
-59
-67
-66
-54
-38
-23
-1
24
45
61
61
54
32
8
-12
-24
-26
-16
-9
-12
-18
-27
-41
-50
-48
-43
-31
-13
4
21
33
47
51
43
25
-1
-39
-81
-115
-139
-137
-105
-61
-11
41
78
97
97
82
63
42
17
-7
-33
-55
-71
-72
-59
-42
-22
-5
-2
-7
-14
-23
-18
-4
16
48
70
76
72
55
22
-18
-54
-86
-115
-135
-142
-132
-96
-52
5
64
109
132
125
94
48
-4
-54
-86
-93
-82
-68
-45
-17
6
19
22
14
-4
-27
-45
-59
-54
-32
15
70
114
136
131
97
40
-27
-97
-148
-174
-180
-163
-119
-61
6
77
133
161
163
138
79
6
-59
-109
-136
-131
-106
-71
-38
-13
-2
-8
-21
-43
-70
-86
-80
-60
-26
31
97
156
196
215
192
121
22
-86
-181
-243
-263
-232
-159
-73
28
118
185
219
214
174
111
26
-58
-131
-175
-181
-151
-91
-31
22
52
47
15
-43
-92
-130
-144
-128
-81
-19
59
134
192
223
214
162
71
-44
-163
-256
-304
-295
-223
-109
25
150
242
293
288
234
154
52
-52
-138
-196
-215
-193
-135
-51
25
76
90
58
-8
-91
-166
-207
-209
-158
-69
30
130
214
254
245
190
96
-26
-152
-258
-330
-341
-285
-169
-11
154
295
382
397
345
237
97
-50
-170
-246
-270
-246
-188
-96
2
80
120
116
67
-19
-122
-204
-241
-227
-143
-17
124
254
338
364
321
206
45
-135
-300
-426
-483
-458
-357
-192
0
184
332
405
398
320
187
35
-104
-212
-271
-270
-209
-115
-2
102
177
196
160
70
-46
-148
-207
-209
-145
-34
98
216
289
295
228
109
-55
-241
-405
-521
-566
-522
-390
-181
77
325
523
631
625
515
326
99
-110
-266
-347
-346
-274
-145
-2
135
247
301
285
201
64
-98
-250
-359
-405
-375
-284
-152
-14
104
175
178
112
2
-136
-247
-308
-301
-220
-63
135
340
513
605
593
480
269
13
-251
-466
-589
-601
-507
-330
-107
108
271
363
351
247
73
-132
-321
-461
-516
-473
-338
-140
92
320
498
604
617
540
380
169
-39
-214
-324
-357
-329
-253
-172
-100
-68
-70
-92
-127
-149
-137
-64
59
222
424
629
794
878
835
646
313
-131
-598
-990
-1227
-1257
-1069
-713
-260
211
630
956
1156
1206
1097
819
400
-96
-587
-972
-1169
-1138
-910
-581
-286
-136
-171
-411
-815
-1337
-1943
-2604
-3237
-3711
-3830
-3407
-2396
-899
771
2306
3737
5422
7843
11173
14975
17878
18177
14724
7438
-2154
-11793
-19503
-23732
-23987
-20790
-15123
-8263
-1569
4076
7906
9596
9366
7739
5386
2980
974
-374
-962
-920
-478
120
650
1004
1167
1160
1053
894
709
505
274
3
-291
-565
-790
-932
-953
-847
-625
-303
81
469
809
1041
1111
999
702
282
-206
-683
-1075
-1312
-1367
-1233
-953
-589
-200
162
423
567
587
510
363
199
58
-18
-41
-17
42
90
100
55
-42
-179
-335
-477
-564
-579
-497
-332
-108
142
379
557
634
603
481
301
106
-67
-190
-233
-192
-78
82
248
388
469
461
348
139
-131
-411
-654
-814
-853
-768
-574
-310
-29
226
417
506
492
405
253
83
-70
-176
-200
-150
-34
116
264
353
376
320
201
43
-116
-241
-310
-316
-254
-159
-39
78
160
186
138
27
-132
-315
-474
-569
-569
-469
-276
-24
232
452
598
648
596
456
262
48
-156
-322
-416
-424
-351
-217
-47
109
232
282
255
170
45
-83
-187
-239
-233
-173
-81
27
121
180
186
132
33
-90
-210
-294
-317
-268
-158
1
169
308
403
425
368
245
77
-98
-265
-391
-453
-430
-339
-198
-28
135
259
324
319
253
145
24
-72
-132
-143
-114
-56
22
90
129
135
93
12
-96
-209
-305
-357
-353
-271
-138
25
184
307
366
355
275
151
0
-148
-260
-332
-348
-307
-213
-80
58
187
276
308
279
200
95
-16
-100
-138
-127
-79
-15
47
85
95
75
24
-49
-130
-198
-242
-259
-224
-145
-34
93
201
271
288
245
149
24
-114
-226
-290
-305
-274
-199
-95
14
113
188
227
229
190
122
44
-32
-87
-100
-75
-27
29
67
81
62
18
-46
-114
-170
-202
-202
-169
-116
-37
55
137
208
237
223
168
72
-43
-157
-240
-277
-266
-214
-131
-40
45
108
145
153
139
103
54
7
-31
-53
-53
-29
11
46
68
71
41
-6
-65
-118
-152
-153
-125
-74
-14
50
105
138
154
143
107
50
-18
-90
-153
-191
-195
-170
-119
-52
15
63
92
95
82
57
23
-6
-23
-32
-36
-25
-4
15
34
37
31
-3
-47
-91
-123
-134
-122
-78
-24
36
91
125
138
129
104
62
11
-41
-83
-114
-129
-125
-102
-61
-14
29
60
69
59
36
10
-9
-18
-16
-13
-10
-14
-21
-31
-41
-53
-62
-63
-66
-66
-59
-45
-15
23
60
98
121
119
94
56
8
-39
-75
-97
-101
-93
-76
-49
-24
6
35
55
66
60
44
18
-13
-42
-51
-48
-39
-28
-25
-26
-31
-35
-48
-51
-42
-23
-4
10
24
25
27
32
27
19
0
-30
-57
-76
-90
-81
-53
-19
16
54
79
81
71
54
38
23
6
-10
-29
-44
-61
-66
-60
-47
-34
-20
-15
-19
-24
-28
-32
-20
-4
21
46
64
61
44
13
-26
-53
-74
-89
-99
-98
-82
-61
-24
13
51
85
99
93
70
33
-1
-31
-46
-50
-45
-29
-20
-14
-17
-24
-31
-32
-32
-32
-25
-18
-9
4
29
51
65
73
65
38
-4
-52
-91
-120
-135
-121
-97
-62
-24
12
44
61
74
75
62
42
16
-15
-36
-45
-40
-24
-7
7
18
15
4
-24
-48
-63
-69
-62
-45
-20
12
43
68
79
80
62
30
-9
-57
-95
-116
-125
-102
-68
-31
5
31
43
49
42
23
-1
-22
-36
-47
-39
-22
-1
25
46
57
55
35
3
-34
-68
-94
-99
-85
-67
-30
10
48
72
89
88
77
53
14
-22
-52
-73
-79
-71
-55
-38
-26
-23
-24
-31
-47
-58
-59
-56
-39
-8
28
61
97
120
126
115
80
24
-39
-99
-144
-173
-176
-153
-112
-57
1
57
101
127
133
119
88
44
-1
-43
-73
-88
-84
-77
-63
-49
-42
-35
-33
-37
-27
-13
2
27
55
75
92
99
88
65
26
-22
-72
-120
-155
-169
-158
-122
-69
-10
51
102
130
134
121
92
54
10
-35
-71
-90
-98
-92
-76
-60
-41
-23
-13
-10
-8
-11
-13
-11
3
19
33
46
55
56
44
25
1
-29
-61
-82
-87
-75
-56
-28
0
21
35
39
34
16
-9
-36
-58
-69
-66
-48
-25
1
29
55
70
65
48
20
-14
-46
-73
-83
-80
-70
-48
-20
11
44
59
63
52
36
12
-17
-36
-49
-54
-46
-37
-27
-17
-7
-3
-11
-28
-39
-46
-51
-47
-35
-11
19
44
70
83
81
65
34
4
-30
-55
-75
-84
-79
-72
-54
-33
-14
5
17
12
4
0
-9
-10
-5
6
26
40
52
54
44
22
-9
-40
-68
-92
-106
-110
-98
-69
-30
9
52
81
93
83
64
34
0
-35
-60
-78
-83
-74
-61
-43
-22
-3
15
23
24
22
18
13
4
6
15
30
33
31
22
1
-23
-49
-68
-84
-88
-82
-66
-43
-14
10
30
47
54
52
39
17
-8
-30
-45
-53
-52
-33
-13
2
10
15
10
-1
-17
-35
-45
-48
-47
-39
-23
0
27
49
61
64
55
37
8
-26
-51
-68
-71
-70
-53
-36
-21
-2
6
9
3
-1
-11
-19
-17
-18
-14
-5
11
22
25
27
18
0
-21
-43
-59
-67
-58
-45
-26
-6
14
29
39
38
34
22
4
-12
-35
-51
-55
-47
-35
-13
13
32
32
28
15
-6
-28
-46
-50
-56
-52
-43
-31
-14
2
23
38
43
43
29
12
-10
-25
-29
-30
-27
-22
-19
-24
-25
-36
-53
-54
-46
-31
-13
8
30
47
57
68
70
66
50
22
-20
-67
-103
-127
-130
-115
-86
-48
-8
26
49
67
78
77
70
57
31
1
-30
-59
-80
-80
-67
-54
-42
-34
-26
-20
-18
-15
-2
20
35
47
45
34
17
4
-10
-22
-30
-38
-48
-52
-52
-41
-23
6
33
53
62
54
27
-2
-34
-59
-71
-76
-69
-52
-38
-22
0
23
41
56
60
55
37
13
-18
-45
-65
-74
-71
-59
-56
-49
-39
-29
-19
0
19
37
52
61
60
63
55
36
10
-12
-34
-60
-82
-100
-106
-103
-89
-63
-31
14
52
75
90
91
80
60
35
15
-13
-37
-59
-75
-87
-88
-88
-78
-57
-33
-18
-6
11
18
19
33
45
57
59
56
44
21
-2
-28
-54
-68
-72
-72
-69
-61
-47
-29
-8
12
36
49
52
52
41
27
9
-11
-23
-26
-30
-36
-38
-41
-42
-42
-38
-35
-26
-17
-13
-8
4
7
14
15
16
15
7
-5
-14
-26
-34
-32
-33
-24
-13
1
12
18
16
13
8
-3
-13
-15
-16
-21
-23
-20
-21
-19
-12
-5
2
4
1
-5
-16
-23
-21
-15
-11
-3
3
2
-2
-11
-17
-25
-30
-29
-32
-34
-42
-41
-34
-20
1
26
45
55
55
42
28
18
2
-11
-19
-33
-50
-61
-72
-78
-66
-45
-21
9
27
40
47
47
45
43
36
22
2
-28
-54
-80
-98
-103
-92
-70
-46
-19
3
29
46
57
63
61
47
21
-4
-38
-63
-75
-79
-65
-42
-13
12
33
48
55
54
45
35
11
-16
-44
-66
-85
-92
-82
-59
-35
-8
27
52
64
72
76
62
41
12
-19
-50
-80
-100
-111
-113
-99
-76
-47
-21
11
44
71
88
96
88
72
47
14
-26
-58
-85
-100
-106
-97
-84
-56
-26
10
44
65
76
79
71
58
30
1
-22
-48
-65
-74
-78
-72
-60
-44
-24
-9
5
14
22
25
24
19
9
-2
-9
-24
-28
-27
-28
-28
-29
-28
-26
-25
-21
-14
-3
12
24
30
29
25
18
10
5
-3
-14
-22
-27
-38
-46
-42
-37
-31
-22
-10
1
5
7
10
15
14
14
19
10
-5
-20
-30
-40
-46
-50
-51
-52
-50
-43
-31
-18
2
21
41
52
60
55
43
25
6
-16
-40
-58
-71
-74
-70
-62
-46
-29
-3
20
38
57
66
63
52
28
11
-12
-31
-45
-56
-63
-66
-68
-64
-60
-46
-23
3
26
44
49
46
39
27
18
12
5
-9
-29
-54
-71
-81
-84
-69
-45
-12
25
44
50
46
40
37
31
27
20
4
-17
-44
-64
-69
-65
-50
-29
-8
2
-4
-17
-24
-25
-12
4
16
27
22
9
-4
-12
-16
-9
0
1
-10
-26
-49
-63
-67
-55
-33
-10
8
16
9
4
-1
5
24
46
58
55
45
19
-9
-27
-39
-44
-46
-58
-69
-76
-82
-77
-62
-28
15
50
78
93
87
65
44
27
7
-8
-29
-55
-78
-97
-112
-110
-95
-75
-50
-21
3
26
39
51
62
77
89
91
83
62
34
-2
-45
-83
-106
-114
-119
-120
-110
-91
-68
-32
7
47
84
112
131
129
112
79
42
12
-25
-61
-90
-115
-137
-150
-153
-138
-110
-71
-22
31
76
112
128
139
144
130
103
69
18
-42
-99
-143
-174
-181
-166
-133
-83
-27
24
61
94
121
136
130
110
82
35
-16
-64
-101
-122
-127
-117
-97
-76
-50
-24
-4
26
49
66
75
70
50
20
-12
-42
-68
-78
-80
-71
-60
-42
-28
-9
20
49
77
88
87
68
38
-2
-47
-77
-92
-97
-96
-81
-63
-40
-12
25
59
86
100
99
80
48
7
-35
-63
-80
-89
-91
-89
-81
-69
-52
-34
-10
15
35
49
52
41
29
18
11
5
1
-5
-14
-22
-34
-43
-42
-34
-18
-9
2
2
-12
-21
-28
-29
-23
-12
-2
8
11
16
26
38
51
57
52
32
0
-43
-82
-119
-144
-146
-135
-115
-77
-37
4
50
94
134
161
164
149
107
55
-7
-69
-115
-144
-163
-169
-165
-149
-123
-81
-27
43
110
165
196
204
186
153
111
59
0
-64
-124
-180
-230
-255
-250
-217
-160
-83
0
79
138
183
204
210
200
166
109
40
-35
-108
-169
-210
-230
-216
-189
-153
-100
-49
6
67
120
160
184
192
183
154
111
53
-3
-59
-112
-155
-187
-201
-197
-171
-125
-71
-6
57
102
133
147
151
143
119
78
32
-20
-77
-118
-146
-152
-141
-118
-91
-72
-44
-22
2
27
54
81
93
90
81
62
36
19
3
-11
-24
-40
-60
-79
-89
-85
-67
-49
-22
-3
7
10
8
5
13
29
40
43
36
23
9
-1
-4
-2
-4
-16
-36
-64
-95
-119
-123
-104
-78
-48
-12
23
46
72
96
112
119
114
95
61
18
-27
-74
-107
-122
-128
-128
-120
-108
-93
-62
-19
28
74
114
142
151
141
121
93
55
13
-36
-95
-149
-197
-227
-231
-205
-154
-87
-18
47
101
147
180
200
197
175
130
66
-10
-83
-143
-184
-205
-205
-191
-161
-121
-68
-6
63
125
175
211
215
196
157
106
43
-22
-82
-138
-190
-226
-243
-233
-194
-128
-45
39
115
167
195
203
191
155
110
49
-18
-90
-159
-206
-228
-220
-189
-138
-78
-19
42
92
131
159
168
165
147
107
52
-10
-71
-115
-145
-156
-154
-146
-121
-87
-46
7
55
100
129
144
140
116
77
28
-23
-71
-109
-131
-142
-145
-131
-97
-56
-13
26
60
83
94
92
76
57
28
-3
-29
-51
-67
-76
-75
-72
-59
-39
-18
-3
14
34
44
50
