# 2019-09-17 15:03:29.803103
# resolution = 3
# velocity = 3
# LP filter = 5
# HP filter = 2
# gain = 1

# direction: 0
-49
-28
-4
18
34
46
54
52
48
39
22
4
-22
-46
-74
-97
-109
-109
-100
-77
-53
-22
9
38
63
85
100
109
100
77
40
2
-39
-78
-103
-120
-127
-118
-102
-82
-53
-15
24
60
98
120
127
118
97
68
36
-1
-37
-70
-105
-130
-149
-156
-148
-121
-79
-36
11
55
87
110
126
131
119
99
64
22
-25
-75
-114
-143
-156
-149
-131
-102
-68
-27
12
52
86
115
133
131
109
82
45
10
-27
-58
-85
-108
-121
-124
-120
-104
-78
-40
-1
42
67
81
84
79
68
48
28
5
-27
-53
-75
-91
-91
-80
-67
-44
-17
4
18
27
34
36
34
33
19
2
-15
-25
-33
-36
-29
-20
-9
-1
12
17
12
12
9
3
-8
-15
-27
-39
-52
-60
-57
-50
-38
-21
-5
17
31
40
47
51
45
33
13
-13
-38
-62
-88
-101
-94
-87
-70
-40
-11
15
44
71
87
92
90
74
49
17
-18
-53
-77
-91
-97
-100
-89
-70
-47
-19
12
43
58
68
69
58
48
33
13
-13
-39
-61
-75
-81
-82
-81
-72
-48
-26
-5
18
31
45
56
56
51
37
23
5
-14
-35
-52
-64
-68
-63
-52
-37
-23
-7
10
22
26
28
31
33
33
27
14
-4
-19
-38
-49
-58
-60
-60
-54
-49
-42
-28
-11
5
28
37
51
52
41
21
1
-15
-35
-49
-52
-58
-56
-51
-42
-27
-7
15
36
45
51
44
28
10
-6
-22
-32
-32
-34
-33
-32
-26
-17
-5
7
21
26
19
7
-5
-24
-40
-52
-56
-56
-58
-51
-43
-28
-6
13
33
52
66
67
58
38
10
-27
-59
-77
-93
-101
-99
-90
-71
-43
-4
33
74
105
122
124
114
90
51
13
-25
-67
-98
-120
-138
-142
-134
-110
-77
-37
8
49
77
98
106
106
92
77
53
23
-10
-51
-92
-122
-141
-143
-134
-112
-86
-55
-22
14
51
82
109
123
123
110
85
54
19
-11
-45
-64
-84
-103
-112
-116
-106
-92
-69
-40
-6
25
45
66
82
93
98
100
88
65
29
-12
-55
-91
-121
-140
-146
-145
-134
-110
-80
-45
1
54
97
125
143
148
138
110
79
45
1
-44
-87
-130
-161
-178
-178
-157
-121
-77
-23
32
79
120
154
173
181
164
128
77
12
-61
-124
-166
-196
-211
-205
-181
-144
-95
-39
21
85
139
175
192
186
157
111
61
4
-52
-97
-136
-164
-180
-179
-158
-130
-80
-18
40
85
124
145
150
145
128
96
56
12
-38
-85
-120
-147
-155
-149
-128
-103
-68
-26
10
41
66
77
84
86
77
59
36
10
-19
-42
-60
-77
-81
-78
-70
-66
-55
-39
-21
0
15
34
51
60
62
55
46
30
14
-1
-13
-25
-41
-57
-63
-62
-60
-48
-37
-24
-10
-1
6
8
15
19
15
18
14
5
-1
-13
-23
-33
-37
-37
-32
-30
-24
-26
-24
-23
-18
-6
5
13
17
10
6
5
-1
0
3
11
14
11
2
-7
-12
-14
-18
-21
-23
-31
-40
-43
-41
-39
-27
-9
6
17
26
29
27
20
14
6
-6
-23
-38
-50
-60
-67
-66
-55
-43
-25
-7
13
27
36
46
47
48
42
35
17
-5
-30
-52
-62
-70
-72
-68
-50
-34
-16
5
27
47
60
63
51
36
16
-9
-33
-55
-72
-81
-82
-79
-67
-44
-14
12
33
48
57
54
46
32
18
5
-17
-38
-58
-76
-84
-78
-63
-39
-15
13
37
52
57
63
66
59
45
29
2
-29
-63
-89
-106
-102
-90
-72
-52
-28
-6
18
40
59
76
82
73
50
24
-10
-45
-66
-85
-95
-91
-89
-81
-68
-47
-22
10
46
72
88
91
82
70
52
26
3
-24
-49
-69
-86
-100
-107
-99
-73
-38
-4
23
43
59
72
78
73
65
52
25
-3
-40
-70
-96
-108
-110
-97
-80
-60
-39
-20
0
18
41
61
66
69
63
48
28
7
-13
-28
-43
-53
-65
-72
-74
-69
-55
-39
-14
9
31
44
53
58
54
50
47
31
13
-8
-32
-54
-69
-81
-84
-81
-74
-64
-49
-31
-12
9
31
52
64
71
68
57
37
13
-15
-43
-63
-81
-93
-99
-94
-81
-54
-25
6
41
70
87
94
92
79
60
28
-5
-35
-66
-86
-98
-100
-96
-85
-60
-32
-2
26
48
66
74
71
60
37
9
-22
-52
-75
-90
-99
-96
-89
-67
-36
-1
34
60
82
88
76
61
38
13
-20
-52
-79
-99
-108
-106
-90
-59
-19
26
66
88
102
106
96
78
46
15
-22
-63
-102
-132
-149
-151
-133
-99
-61
-15
30
68
96
118
124
120
107
78
36
-18
-68
-115
-147
-161
-161
-145
-117
-74
-32
13
60
101
140
156
150
132
102
59
12
-38
-82
-111
-133
-139
-135
-124
-100
-72
-38
-4
28
60
86
97
100
92
72
47
20
-8
-38
-63
-86
-103
-111
-116
-105
-91
-65
-37
-4
27
50
67
77
80
78
71
58
43
22
2
-27
-50
-69
-81
-84
-75
-70
-63
-50
-40
-23
0
26
48
68
77
79
66
45
17
-8
-25
-44
-57
-72
-90
-98
-98
-93
-71
-40
-6
23
39
45
47
43
45
49
49
41
25
5
-19
-44
-58
-65
-66
-55
-44
-40
-35
-32
-20
-3
15
40
55
57
53
36
19
1
-13
-19
-21
-27
-39
-54
-66
-73
-72
-59
-48
-33
-16
-7
-3
9
21
28
39
51
55
53
43
21
-6
-31
-47
-60
-66
-65
-65
-62
-57
-49
-32
-7
20
44
63
77
76
66
54
38
18
7
-13
-40
-68
-94
-109
-120
-122
-106
-85
-54
-16
21
50
74
90
100
103
93
74
47
5
-40
-85
-123
-143
-144
-130
-97
-63
-34
3
41
70
94
112
123
120
98
63
23
-25
-67
-96
-113
-117
-114
-104
-94
-73
-43
-9
32
67
95
106
96
77
45
4
-35
-55
-78
-95
-103
-103
-93
-74
-44
-2
37
69
82
86
74
47
21
-1
-25
-41
-52
-63
-69
-65
-54
-33
-8
20
42
52
54
43
28
9
-13
-24
-36
-48
-64
-72
-71
-68
-54
-31
-6
18
37
45
48
41
31
15
1
-17
-35
-53
-66
-74
-73
-57
-29
-2
26
43
56
60
51
37
22
5
-19
-42
-58
-62
-66
-54
-34
-10
8
30
42
44
37
31
17
2
-18
-41
-59
-76
-89
-83
-72
-54
-31
-5
19
30
43
54
54
52
46
33
16
-10
-39
-68
-86
-91
-90
-78
-59
-35
-10
12
41
64
82
91
88
70
49
18
-15
-46
-66
-77
-83
-86
-79
-68
-57
-41
-22
-1
19
33
40
41
39
29
23
17
9
-3
-14
-25
-41
-55
-67
-70
-67
-55
-40
-22
-4
11
27
35
41
47
46
38
24
13
-4
-20
-30
-32
-33
-31
-29
-28
-29
-29
-29
-28
-21
-15
-10
-6
-4
-4
-5
-3
4
10
11
13
7
-3
-13
-19
-26
-32
-25
-24
-21
-25
-30
-31
-37
-36
-27
-17
-3
11
25
37
42
45
50
49
38
20
1
-25
-53
-78
-89
-92
-81
-66
-45
-25
-6
13
30
45
59
60
53
41
22
0
-25
-43
-56
-61
-62
-61
-65
-59
-52
-40
-25
-4
18
37
58
60
54
47
33
15
4
-7
-29
-47
-62
-70
-68
-56
-34
-10
7
20
29
31
23
20
14
8
1
-10
-27
-39
-52
-54
-50
-43
-32
-17
-10
-8
-8
-2
9
21
31
39
33
17
-2
-25
-38
-53
-58
-57
-54
-48
-36
-24
-9
11
39
67
76
72
62
41
12
-13
-31
-45
-58
-67
-75
-81
-83
-75
-54
-26
0
25
38
48
51
48
47
46
42
28
13
-17
-51
-81
-100
-110
-106
-90
-71
-49
-31
-1
29
54
80
103
110
99
80
49
12
-26
-50
-69
-84
-96
-100
-104
-101
-82
-56
-22
14
45
70
81
81
76
64
52
36
14
-18
-55
-83
-107
-116
-110
-95
-63
-35
-6
18
35
51
59
61
56
39
22
5
-20
-35
-39
-35
-31
-22
-6
4
2
-4
-7
-14
-22
-32
-39
-45
-44
-42
-32
-17
3
24
40
56
61
51
39
20
1
-29
-55
-79
-97
-104
-108
-94
-80
-54
-26
7
43
69
93
108
108
97
75
44
6
-35
-73
-99
-114
-119
-116
-98
-73
-34
9
45
78
94
98
91
74
47
21
-3
-33
-60
-79
-95
-101
-92
-80
-59
-38
-20
-2
10
22
28
35
42
49
46
35
15
-6
-26
-39
-46
-53
-53
-54
-53
-46
-35
-20
3
23
39
45
44
40
30
19
9
0
-7
-15
-27
-47
-59
-64
-62
-54
-39
-24
-12
-5
2
9
19
32
33
33
28
16
-8
-29
-43
-53
-58
-56
-52
-42
-31
-18
-4
16
32
47
52
44
30
11
-5
-16
-23
-21
-25
-29
-35
-36
-32
-29
-16
-4
2
2
-1
-5
-9
-13
-12
-6
-3
-7
-12
-16
-22
-29
-27
-23
-18
-12
-12
-8
-7
-11
-12
-9
-6
-1
-4
-11
-11
-13
-12
-4
6
12
20
23
22
10
-3
-14
-23
-32
-37
-37
-29
-27
-24
-15
-2
5
11
15
10
5
-1
-10
-17
-28
-33
-38
-36
-31
-24
-17
-5
-3
-6
-5
3
1
-3
-7
-8
-11
-15
-16
-22
-24
-19
-11
-3
-1
5
13
18
22
27
24
14
1
-12
-25
-43
-60
-68
-70
-54
-40
-26
-8
14
31
43
51
50
43
37
11
-19
-46
-66
-77
-83
-81
-67
-53
-35
-12
4
27
44
55
58
55
47
37
14
-9
-23
-33
-41
-50
-55
-54
-51
-39
-29
-16
0
13
25
31
29
23
13
5
-3
-11
-19
-28
-36
-39
-39
-30
-22
-18
-17
-11
-10
-16
-24
-27
-28
-25
-22
-12
-2
7
15
32
38
41
34
28
16
3
-18
-39
-50
-60
-67
-66
-56
-40
-21
0
17
28
42
48
50
50
37
21
6
-20
-40
-56
-72
-79
-86
-82
-73
-57
-35
-12
14
41
58
71
75
65
49
25
-1
-27
-52
-67
-75
-78
-77
-67
-46
-24
-1
24
39
49
51
48
35
24
13
-3
-16
-25
-31
-38
-49
-51
-50
-38
-30
-18
-10
-4
-1
4
4
1
-3
-1
-3
-5
-11
-18
-22
-23
-17
-12
-3
6
12
16
9
2
-10
-18
-24
-33
-35
-32
-29
-22
-18
-3
11
27
41
45
34
21
4
-17
-34
-44
-49
-51
-54
-53
-56
-48
-32
-14
0
16
25
28
24
14
9
7
6
6
-2
-10
-24
-47
-58
-56
-50
-37
-22
-7
8
12
18
23
33
48
46
34
19
-2
-30
-46
-52
-47
-41
-35
-27
-27
-24
-20
-9
-1
14
22
24
20
7
-8
-17
-25
-28
-23
-26
-29
-37
-43
-42
-37
-22
-4
12
24
29
27
26
17
8
4
-8
-26
-41
-50
-54
-48
-36
-16
5
30
43
49
46
36
22
6
-15
-33
-50
-64
-71
-71
-66
-50
-31
-13
6
27
35
44
46
46
38
26
7
-20
-46
-65
-76
-86
-94
-93
-78
-55
-19
25
61
92
112
120
112
88
55
16
-31
-74
-110
-143
-161
-163
-142
-101
-45
17
71
111
135
146
138
122
91
48
-1
-57
-115
-162
-187
-193
-179
-149
-98
-48
8
62
104
142
172
188
184
149
90
25
-47
-117
-172
-208
-218
-210
-180
-136
-78
-9
65
145
207
235
235
203
149
78
0
-73
-138
-186
-223
-239
-234
-208
-163
-95
-14
60
122
169
191
195
181
157
117
63
3
-63
-132
-185
-219
-227
-211
-173
-123
-61
-1
57
116
168
201
217
207
169
109
35
-33
-94
-143
-172
-185
-182
-170
-144
-105
-59
-4
52
92
119
128
123
104
86
65
36
9
-27
-65
-104
-132
-148
-143
-126
-99
-65
-30
-2
21
47
70
96
110
109
90
61
19
-18
-39
-51
-57
-56
-53
-51
-49
-52
-48
-38
-26
-13
1
1
0
-3
2
20
39
57
65
59
43
17
-10
-39
-57
-70
-80
-93
-98
-100
-93
-77
-47
-14
14
49
71
88
91
91
94
90
77
54
18
-31
-85
-126
-151
-163
-163
-143
-114
-77
-33
24
84
136
177
195
187
157
110
48
-18
-84
-134
-177
-206
-218
-215
-190
-142
-77
-12
50
109
152
176
184
179
164
136
89
27
-42
-111
-167
-208
-230
-223
-195
-150
-94
-28
40
103
169
218
240
233
198
135
61
-18
-99
-162
-200
-221
-225
-210
-187
-140
-78
-10
60
120
164
179
173
148
117
78
31
-16
-63
-110
-148
-172
-181
-170
-142
-89
-33
19
67
98
116
125
126
119
97
60
17
-32
-81
-110
-117
-112
-88
-61
-27
-8
4
13
15
15
18
18
12
0
-15
-25
-25
-20
-9
7
18
22
16
-3
-22
-37
-42
-42
-41
-43
-44
-52
-48
-37
-12
10
33
52
61
63
54
46
39
29
12
-9
-36
-63
-89
-107
-109
-99
-72
-36
4
41
60
72
76
69
60
41
10
-23
-60
-90
-111
-118
-104
-77
-40
-1
32
53
65
68
64
50
29
8
-20
-50
-77
-93
-97
-84
-61
-26
9
37
60
78
86
86
83
67
43
8
-33
-74
-119
-145
-150
-145
-122
-81
-41
3
48
85
120
152
156
140
104
53
-7
-68
-123
-164
-189
-186
-165
-133
-91
-45
1
50
94
132
156
158
145
113
70
20
-21
-58
-85
-105
-119
-134
-132
-124
-107
-79
-35
10
53
83
104
111
106
92
72
49
19
-10
-40
-76
-110
-130
-136
-124
-97
-65
-36
-5
16
29
39
51
64
74
81
85
69
40
8
-24
-51
-63
-69
-72
-76
-83
-84
-80
-64
-32
6
48
79
93
87
67
41
12
-8
-17
-25
-34
-47
-63
-78
-90
-78
-56
-27
-4
9
12
5
-2
-8
-2
12
34
43
40
25
1
-23
-37
-34
-27
-18
-9
-17
-31
-37
-39
-32
-15
3
22
28
21
12
-1
-3
3
11
27
31
21
-2
-32
-52
-63
-67
-60
-55
-48
-44
-37
-27
-9
15
41
60
69
64
45
18
-9
-36
-57
-65
-69
-69
-61
-57
-40
-20
-2
20
38
53
60
55
44
28
12
-6
-20
-30
-45
-58
-66
-76
-74
-65
-45
-18
5
25
42
52
57
52
41
24
2
-16
-32
-55
-72
-76
-81
-74
-57
-35
-12
18
38
47
53
47
36
28
16
4
-10
-19
-33
-40
-43
-42
-36
-29
-22
-17
-8
-2
1
3
7
14
19
22
16
2
-9
-18
-27
-35
-42
-43
-41
-41
-39
-34
-25
-12
0
13
18
20
17
15
7
3
3
-4
-12
-18
-30
-34
-35
-33
-32
-26
-17
-7
0
12
27
39
43
45
39
24
8
-19
-42
-62
-82
-89
-91
-85
-65
-42
-12
22
46
69
81
79
73
49
25
-9
-49
-77
-99
-111
-113
-101
-77
-46
-10
26
54
78
93
97
90
71
48
19
-22
-58
-80
-93
-97
-88
-75
-55
-32
-3
24
46
60
68
64
48
21
-12
-42
-61
-78
-83
-76
-65
-47
-24
-5
20
42
58
60
55
33
-3
-42
-71
-88
-88
-77
-60
-37
-15
10
38
59
72
82
83
63
32
-2
-36
-65
-85
-87
-78
-68
-53
-43
-24
-4
14
39
52
57
54
44
26
6
-20
-34
-42
-51
-52
-63
-61
-58
-51
-39
-20
0
23
33
36
29
20
13
4
-3
-7
-13
-18
-30
-29
-28
-21
-14
-5
3
5
8
-1
-19
-24
-23
-17
-11
-4
-1
2
3
0
-5
-10
-13
-15
-20
-25
-27
-29
-24
-17
-5
5
13
18
14
1
-12
-22
-35
-39
-39
-39
-27
-20
-12
2
11
20
25
30
32
27
17
6
-6
-16
-22
-27
-27
-34
-35
-43
-51
-51
-51
-42
-26
-5
14
31
48
53
49
41
32
17
-2
-30
-51
-73
-91
-92
-87
-73
-48
-22
-1
13
29
34
39
49
55
52
50
43
29
9
-13
-33
-51
-67
-77
-84
-82
-84
-73
-54
-21
16
49
82
99
96
85
61
28
-7
-37
-62
-83
-93
-96
-93
-81
-67
-45
-18
8
31
48
53
50
43
35
27
20
13
5
-8
-24
-45
-62
-68
-67
-58
-41
-19
4
21
32
34
41
42
32
16
-7
-30
-56
-72
-81
-72
-52
-17
16
38
48
46
34
18
6
-12
-33
-47
-64
-73
-72
-66
-46
-16
9
33
43
50
41
32
27
22
21
17
9
-4
-25
-49
-70
-83
-84
-79
-65
-46
-24
3
30
53
79
97
102
85
54
13
-37
-84
-111
-121
-120
-101
-70
-44
-19
9
31
50
61
59
51
30
10
-9
-25
-32
-29
-25
-21
-15
-17
-21
-31
-38
-34
-31
-21
-10
0
9
21
30
28
25
21
8
-11
-28
-45
-54
-54
-42
-19
1
19
27
30
22
3
-18
-39
-52
-59
-54
-45
-30
-10
13
34
49
55
48
28
2
-26
-45
-57
-63
-54
-43
-28
-15
-3
4
10
9
3
-3
-11
-11
-11
-6
-1
8
23
38
32
19
1
-24
-48
-69
-79
-77
-64
-45
-20
9
30
42
46
42
26
4
-14
-31
-41
-43
-39
-24
-5
14
23
21
10
-7
-30
-48
-63
-68
-58
-43
-22
4
30
51
69
70
62
41
12
-17
-45
-66
-78
-79
-63
-47
-24
-5
7
11
14
17
13
9
8
8
10
14
17
19
16
1
-19
-49
-77
-98
-111
-108
-92
-55
-8
39
77
103
111
108
89
56
16
-27
-65
-90
-107
-103
-89
-63
-33
-5
18
26
22
15
6
-1
-11
-7
0
9
19
28
26
19
6
-14
-33
-60
-78
-88
-80
-68
-43
-8
23
51
74
73
62
44
18
-11
-39
-55
-57
-55
-42
-22
-6
9
16
14
-4
-20
-32
-44
-49
-40
-17
7
25
40
53
52
40
13
-15
-46
-70
-86
-87
-74
-47
-19
14
39
55
54
37
17
-10
-38
-60
-72
-70
-54
-32
-2
29
55
64
61
43
16
-12
-40
-61
-68
-65
-48
-29
-5
20
30
32
29
15
-1
-16
-22
-22
-16
-7
5
14
15
8
-10
-40
-69
-93
-110
-112
-96
-62
-17
38
90
131
159
155
128
78
15
-47
-100
-142
-167
-165
-146
-111
-61
-12
36
72
91
98
88
70
46
23
10
-4
-13
-17
-20
-34
-58
-85
-101
-110
-110
-100
-76
-37
8
55
100
132
147
139
108
63
2
-65
-120
-153
-161
-152
-119
-76
-24
25
60
86
95
87
66
39
7
-20
-37
-40
-30
-15
1
7
5
-9
-30
-54
-73
-88
-84
-65
-45
-16
21
56
79
92
84
60
23
-20
-61
-89
-99
-91
-69
-40
-7
12
28
31
22
11
-8
-25
-38
-46
-45
-26
2
37
66
87
87
65
30
-15
-59
-93
-105
-109
-98
-74
-38
2
41
65
79
79
62
32
-2
-37
-58
-66
-59
-41
-19
-5
1
-5
-23
-41
-60
-66
-63
-56
-35
-9
18
51
79
95
103
84
53
3
-48
-89
-113
-124
-110
-78
-40
-2
28
47
55
59
55
47
30
8
-12
-29
-42
-44
-37
-23
-14
-16
-28
-48
-66
-79
-83
-72
-42
-3
36
65
85
93
85
69
47
15
-23
-58
-88
-108
-110
-93
-58
-15
22
47
57
54
38
18
4
-3
0
0
0
-4
-11
-20
-28
-28
-39
-49
-58
-68
-72
-64
-47
-18
22
50
69
73
58
33
0
-34
-54
-69
-69
-64
-57
-43
-19
1
29
49
62
68
53
31
6
-16
-26
-23
-20
-15
-12
-21
-33
-46
-54
-55
-42
-27
-9
4
25
39
44
47
46
29
0
-41
-85
-116
-139
-136
-106
-64
-9
40
78
99
102
88
64
36
13
-14
-38
-55
-66
-67
-56
-36
-19
-6
-1
-7
-17
-20
-19
-5
22
49
67
71
68
50
24
-14
-57
-89
-118
-140
-141
-130
-98
-51
5
67
111
129
128
92
44
-8
-55
-82
-90
-77
-63
-40
-15
7
19
23
16
-5
-30
-54
-61
-51
-24
21
70
113
136
133
100
40
-29
-101
-151
-179
-181
-161
-120
-59
11
76
131
165
164
133
75
8
-62
-116
-137
-134
-103
-67
-33
-11
-1
-6
-21
-43
-67
-79
-78
-60
-23
28
92
153
199
214
187
116
17
-88
-183
-241
-262
-237
-164
-69
34
122
185
220
217
178
111
25
-60
-132
-177
-183
-148
-93
-29
25
53
48
10
-41
-92
-131
-151
-132
-81
-12
64
133
192
221
212
158
66
-49
-162
-255
-302
-287
-219
-107
27
151
247
291
288
237
149
48
-53
-141
-198
-220
-190
-129
-51
23
77
92
61
-7
-94
-169
-212
-209
-160
-72
33
133
214
255
243
191
96
-26
-151
-260
-327
-341
-283
-162
-6
155
296
383
395
340
230
89
-50
-167
-246
-272
-246
-183
-91
3
81
118
112
59
-30
-126
-205
-241
-224
-146
-18
131
260
342
359
315
200
42
-131
-300
-422
-479
-456
-351
-189
0
189
332
402
395
317
186
36
-102
-214
-272
-272
-216
-113
0
107
178
195
155
73
-36
-140
-205
-211
-149
-33
98
214
285
297
233
107
-60
-248
-412
-523
-562
-522
-385
-173
84
333
528
628
618
509
322
98
-115
-270
-350
-341
-268
-146
-1
140
244
297
282
196
58
-101
-258
-366
-403
-372
-275
-144
-11
109
177
176
111
-4
-138
-251
-312
-302
-206
-51
147
347
514
606
592
472
268
9
-251
-465
-590
-600
-503
-325
-105
116
279
361
348
239
63
-140
-332
-470
-517
-468
-332
-131
101
326
504
605
614
533
374
171
-39
-216
-324
-361
-324
-250
-167
-97
-63
-70
-99
-135
-153
-134
-62
62
228
425
631
795
878
835
636
296
-145
-611
-1003
-1229
-1246
-1054
-696
-243
229
645
961
1157
1202
1083
805
383
-121
-606
-983
-1162
-1121
-892
-568
-276
-131
-181
-431
-841
-1367
-1974
-2639
-3269
-3723
-3816
-3363
-2324
-824
839
2371
3803
5514
7987
11351
15111
17912
18038
14410
7022
-2623
-12200
-19711
-23748
-23827
-20517
-14788
-7912
-1249
4302
8020
9599
9277
7600
5232
2850
889
-423
-977
-917
-464
128
651
999
1154
1149
1042
886
704
500
264
-11
-304
-577
-802
-936
-947
-831
-601
-273
107
496
829
1048
1103
984
684
259
-225
-704
-1090
-1315
-1357
-1216
-939
-570
-179
173
430
568
580
495
343
184
53
-22
-39
-4
51
94
100
52
-52
-193
-344
-483
-564
-574
-492
-321
-92
165
398
562
629
593
474
296
98
-76
-190
-225
-180
-68
92
256
393
470
453
336
121
-145
-424
-665
-820
-847
-753
-557
-296
-14
239
418
506
494
391
239
71
-77
-178
-202
-145
-22
130
270
360
374
314
192
34
-126
-247
-311
-314
-249
-148
-28
86
161
182
136
21
-143
-323
-480
-574
-568
-458
-258
-12
245
461
603
642
586
447
250
34
-175
-334
-414
-420
-344
-206
-41
115
234
278
252
165
35
-94
-194
-241
-230
-172
-74
34
127
183
184
131
32
-91
-215
-299
-319
-266
-155
5
176
319
406
422
365
243
78
-99
-267
-390
-446
-428
-337
-192
-23
144
265
328
312
237
127
21
-71
-131
-145
-114
-50
22
86
128
130
85
10
-99
-214
-309
-363
-347
-262
-128
33
189
309
365
350
266
133
-16
-160
-270
-334
-341
-292
-196
-66
70
195
281
306
274
193
83
-27
-102
-136
-127
-80
-12
49
87
97
74
24
-50
-127
-198
-242
-253
-218
-140
-28
93
203
272
285
239
144
12
-123
-230
-293
-307
-269
-193
-88
27
121
192
232
227
182
114
33
-37
-82
-97
-71
-26
34
72
83
62
15
-52
-115
-172
-203
-204
-170
-111
-30
64
147
210
236
218
158
61
-53
-161
-239
-275
-263
-211
-127
-40
45
109
142
148
128
96
52
9
-32
-54
-48
-23
12
50
69
70
42
-11
-67
-121
-154
-155
-122
-71
-8
56
109
142
158
146
105
50
-18
-93
-153
-190
-198
-171
-118
-48
18
68
94
97
79
48
20
-6
-25
-33
-34
-27
-10
15
32
36
25
-3
-49
-90
-123
-136
-118
-79
-21
40
89
125
140
130
101
58
11
-39
-85
-115
-130
-121
-96
-60
-13
34
59
67
52
32
9
-8
-15
-16
-8
-6
-9
-17
-33
-43
-53
-60
-69
-74
-74
-65
-44
-16
23
65
102
123
119
91
50
4
-37
-76
-97
-98
-91
-75
-48
-21
6
36
58
68
65
44
15
-18
-42
-52
-49
-40
-29
-22
-23
-30
-42
-48
-43
-38
-23
-2
13
26
29
30
27
20
8
-9
-32
-63
-80
-91
-81
-51
-11
32
60
81
85
75
54
32
16
-2
-16
-33
-50
-62
-61
-55
-44
-29
-16
-10
-13
-22
-33
-30
-19
0
25
41
56
60
40
10
-27
-54
-71
-90
-98
-93
-84
-64
-26
14
53
83
99
94
68
33
-3
-31
-48
-54
-45
-31
-20
-19
-15
-20
-25
-30
-31
-32
-28
-20
-8
8
30
53
73
76
65
34
-9
-59
-97
-119
-129
-125
-96
-58
-19
15
42
63
75
76
67
41
11
-16
-38
-48
-40
-23
-5
8
11
7
-7
-24
-41
-58
-63
-59
-44
-16
14
43
67
78
78
65
35
-6
-56
-97
-119
-123
-100
-70
-33
7
36
44
45
37
21
-1
-22
-37
-42
-41
-28
-5
23
47
60
52
33
1
-38
-69
-90
-97
-85
-63
-26
13
45
73
87
84
75
47
14
-24
-54
-71
-77
-67
-50
-35
-21
-17
-21
-35
-51
-61
-59
-54
-38
-7
28
62
95
118
124
112
73
19
-40
-100
-145
-172
-175
-149
-107
-50
7
57
103
126
130
113
82
45
2
-42
-72
-88
-89
-77
-64
-52
-40
-38
-34
-33
-24
-14
7
32
48
70
91
93
88
64
23
-28
-78
-120
-151
-165
-149
-117
-66
-7
56
100
124
131
123
95
56
12
-33
-74
-95
-97
-91
-75
-53
-38
-20
-13
-11
-9
-12
-13
-8
0
14
32
45
51
53
44
24
-2
-28
-60
-79
-81
-73
-56
-33
-3
25
40
41
28
12
-11
-37
-56
-66
-62
-48
-27
5
36
58
70
64
45
19
-15
-49
-71
-87
-85
-73
-47
-14
22
47
59
61
54
35
6
-20
-38
-49
-54
-50
-43
-29
-16
-10
-9
-11
-27
-35
-47
-49
-41
-26
-8
22
54
69
77
78
62
34
4
-31
-55
-74
-84
-83
-73
-51
-31
-11
2
9
11
5
-1
-6
-9
-7
5
28
45
54
54
43
21
-7
-39
-73
-94
-111
-113
-97
-72
-31
14
55
77
90
85
65
30
-1
-37
-64
-77
-81
-73
-61
-42
-19
-2
14
25
26
24
18
13
7
9
14
25
30
29
19
2
-21
-45
-65
-82
-87
-82
-66
-42
-17
10
36
50
56
49
35
11
-11
-30
-46
-54
-49
-32
-10
2
12
13
8
0
-18
-36
-48
-52
-48
-38
-21
6
32
51
63
62
54
33
6
-26
-53
-67
-73
-67
-51
-33
-15
1
8
9
3
3
-6
-13
-21
-19
-14
-3
9
20
23
20
16
-5
-28
-48
-60
-64
-58
-46
-24
-4
14
33
42
40
34
21
4
-17
-37
-51
-57
-50
-31
-6
19
33
32
29
14
-5
-25
-40
-49
-56
-52
-46
-30
-14
6
23
37
46
41
32
13
-11
-24
-34
-34
-32
-24
-17
-24
-31
-40
-49
-50
-43
-27
-7
12
32
47
60
71
71
63
48
16
-28
-71
-109
-125
-125
-112
-82
-42
-4
26
50
67
77
79
70
54
28
-1
-36
-62
-80
-81
-71
-53
-38
-27
-26
-24
-15
-11
0
20
31
40
36
33
19
4
-13
-24
-30
-38
-46
-46
-46
-35
-19
5
33
50
55
47
28
-3
-40
-60
-69
-72
-66
-55
-40
-20
0
22
43
60
62
55
37
13
-19
-44
-64
-76
-78
-68
-57
-48
-34
-25
-14
0
20
37
51
65
66
63
48
26
7
-14
-35
-58
-80
-93
-106
-109
-94
-67
-25
13
54
82
92
86
75
59
36
9
-17
-33
-54
-71
-85
-88
-89
-78
-53
-36
-19
-7
9
14
26
34
46
57
60
54
40
19
-4
-27
-45
-64
-72
-72
-66
-61
-46
-28
-9
15
36
44
48
45
38
22
6
-8
-20
-22
-26
-31
-35
-37
-44
-50
-43
-34
-28
-21
-7
-2
1
8
15
18
15
11
7
-1
-13
-23
-33
-37
-38
-25
-12
0
10
19
16
6
0
-2
-5
-9
-13
-21
-27
-32
-30
-19
-7
2
9
9
6
-2
-17
-22
-20
-19
-8
-2
-1
-2
-9
-15
-20
-20
-24
-26
-27
-31
-40
-39
-35
-20
0
26
42
54
53
41
29
13
0
-11
-26
-35
-49
-62
-69
-72
-62
-40
-16
5
23
31
37
43
47
44
36
24
4
-22
-54
-81
-96
-101
-89
-72
-47
-17
4
30
46
54
62
61
46
22
-7
-40
-64
-75
-73
-60
-40
-15
13
34
48
55
55
45
36
13
-17
-48
-75
-85
-88
-76
-56
-35
-7
28
50
67
75
71
57
39
13
-21
-55
-82
-103
-113
-113
-99
-77
-48
-17
18
48
73
93
100
89
71
45
11
-28
-58
-82
-104
-109
-102
-82
-57
-23
10
40
66
77
83
77
56
32
7
-20
-49
-70
-79
-80
-72
-61
-46
-22
-3
9
21
22
22
24
19
12
-2
-16
-24
-25
-28
-33
-30
-27
-25
-29
-28
-20
-8
-1
13
23
26
24
22
19
14
4
-6
-14
-18
-31
-40
-44
-46
-42
