# 2019-09-17 15:04:45.047499
# resolution = 4
# velocity = 3
# LP filter = 5
# HP filter = 2
# gain = 1

# direction: 0
-54
-67
-79
-84
-82
-72
-55
-31
-6
12
24
34
38
42
46
40
28
26
16
-5
-24
-37
-46
-50
-55
-50
-39
-32
-34
-29
-19
-8
8
20
27
27
22
18
15
9
5
-2
-9
-22
-36
-45
-53
-54
-48
-38
-30
-21
-15
-5
5
13
19
25
36
36
30
20
4
-10
-20
-30
-33
-33
-39
-44
-48
-46
-37
-24
-6
4
13
20
23
22
21
23
20
11
2
-6
-19
-32
-44
-53
-56
-49
-47
-45
-40
-27
-17
-1
13
29
44
48
44
38
28
14
-5
-19
-34
-45
-51
-59
-66
-61
-45
-29
-11
10
26
30
38
41
37
33
25
7
-9
-26
-41
-54
-61
-64
-60
-52
-39
-24
-5
12
24
30
37
40
32
19
4
-15
-26
-40
-53
-55
-53
-48
-40
-26
-11
2
20
31
39
36
28
19
12
-1
-13
-23
-36
-44
-48
-48
-43
-37
-26
-12
0
8
15
18
22
25
24
19
6
-6
-20
-36
-46
-51
-51
-48
-45
-36
-25
-13
1
14
20
26
31
31
26
19
9
-2
-15
-29
-40
-44
-45
-45
-37
-31
-24
-13
3
13
23
32
33
30
25
11
1
-6
-18
-34
-50
-58
-60
-59
-52
-43
-24
-6
7
19
30
32
32
30
22
11
-5
-17
-33
-47
-54
-52
-52
-45
-35
-24
-6
9
25
37
41
43
41
34
16
-1
-17
-34
-45
-57
-61
-59
-53
-46
-34
-16
1
16
34
44
49
48
39
20
-1
-26
-45
-58
-65
-71
-73
-65
-59
-42
-22
2
24
41
54
63
60
48
33
18
3
-14
-33
-52
-64
-70
-71
-66
-50
-31
-8
6
24
33
36
41
38
35
29
10
-11
-31
-45
-55
-57
-54
-45
-33
-22
-14
-10
-4
4
7
9
8
2
-3
-11
-20
-21
-20
-15
-4
7
14
18
12
6
3
2
-7
-16
-27
-42
-55
-57
-51
-42
-23
-5
18
35
47
51
52
48
37
23
2
-22
-53
-81
-104
-112
-109
-94
-72
-48
-18
19
50
75
93
104
101
83
57
24
-13
-49
-79
-103
-114
-112
-105
-88
-61
-34
0
34
64
82
91
94
81
58
36
11
-17
-42
-63
-78
-87
-90
-88
-76
-54
-35
-14
4
22
30
29
26
29
34
34
27
16
4
-13
-23
-27
-32
-36
-44
-51
-52
-55
-57
-50
-36
-17
5
27
42
54
65
70
61
53
34
11
-15
-39
-67
-93
-105
-104
-98
-78
-56
-30
0
30
56
71
78
78
71
55
33
3
-27
-50
-73
-86
-90
-83
-73
-61
-44
-24
-3
22
37
49
51
50
43
33
19
3
-11
-22
-29
-35
-39
-43
-42
-40
-33
-25
-18
-9
-3
-5
-5
-5
-5
-2
3
2
3
2
3
-2
-5
-10
-10
-16
-16
-18
-21
-24
-25
-27
-25
-22
-15
-7
-3
-3
-4
1
3
7
13
18
20
20
12
1
-13
-22
-26
-32
-36
-39
-46
-46
-43
-38
-24
-13
4
22
32
33
31
28
18
11
1
-16
-34
-50
-62
-66
-63
-56
-40
-23
2
16
24
33
36
40
39
33
21
4
-12
-31
-46
-54
-54
-46
-34
-21
-11
0
12
20
23
26
21
9
-6
-21
-39
-48
-53
-54
-48
-30
-12
4
15
28
36
41
38
28
11
-12
-39
-60
-75
-77
-81
-74
-59
-43
-15
15
45
69
86
89
77
63
39
11
-17
-45
-72
-93
-108
-110
-104
-84
-54
-18
21
50
75
90
91
85
69
49
21
-15
-52
-82
-106
-120
-123
-106
-76
-48
-18
9
35
53
71
81
81
74
53
23
-9
-40
-64
-80
-87
-77
-70
-59
-44
-22
0
23
44
61
68
65
49
19
-5
-27
-38
-46
-54
-59
-59
-55
-47
-34
-15
1
18
31
35
28
12
-3
-15
-27
-32
-33
-33
-36
-37
-34
-20
-4
10
25
37
38
34
21
5
-12
-26
-38
-46
-51
-52
-48
-41
-29
-11
6
28
41
47
50
42
26
9
-9
-29
-48
-61
-65
-72
-72
-63
-49
-30
-8
18
36
48
56
53
49
31
13
-4
-25
-47
-68
-79
-82
-78
-63
-39
-18
7
32
49
63
66
66
55
42
24
2
-24
-55
-85
-96
-98
-94
-81
-57
-25
2
25
44
60
73
80
79
63
36
-2
-38
-73
-98
-110
-111
-102
-86
-62
-38
-11
23
54
82
97
105
96
79
41
7
-29
-56
-81
-100
-111
-112
-102
-82
-56
-18
19
52
76
90
94
86
69
45
17
-8
-42
-72
-99
-120
-127
-115
-87
-60
-29
4
35
60
74
79
79
73
57
39
7
-27
-55
-75
-85
-87
-79
-61
-49
-30
-9
5
28
47
58
61
58
42
19
-2
-23
-39
-46
-50
-50
-52
-50
-46
-35
-19
-5
12
24
25
19
9
-1
-6
-14
-21
-24
-31
-30
-29
-27
-12
-2
7
12
16
13
8
-3
-17
-25
-27
-23
-21
-21
-21
-22
-14
-6
7
18
30
30
21
13
0
-18
-26
-34
-43
-47
-49
-53
-47
-38
-26
-11
10
22
30
34
31
28
20
8
-7
-21
-35
-46
-55
-60
-61
-53
-37
-20
-3
18
31
38
40
38
37
31
23
15
0
-20
-35
-48
-56
-56
-55
-50
-40
-27
-16
-6
4
17
27
34
39
38
29
14
-7
-26
-39
-46
-53
-58
-61
-61
-55
-44
-28
-5
10
32
46
49
48
40
32
23
12
-9
-24
-40
-55
-68
-72
-65
-51
-35
-14
2
15
24
37
45
42
40
33
24
4
-24
-44
-61
-66
-68
-64
-51
-39
-29
-14
-1
13
20
30
41
39
31
17
-1
-16
-26
-33
-34
-35
-33
-30
-28
-22
-13
-3
8
14
14
11
10
2
-10
-20
-19
-16
-14
-13
-12
-16
-19
-17
-10
-6
-5
-5
-7
-10
-17
-26
-34
-32
-24
-18
-12
-8
-4
-1
4
9
19
18
13
9
1
-10
-21
-31
-35
-33
-32
-27
-18
-15
-7
1
10
16
21
23
18
7
-1
-13
-23
-28
-28
-29
-33
-33
-30
-31
-24
-18
-14
-5
-2
4
0
-1
4
1
-3
-5
-7
-8
-11
-13
-15
-15
-16
-16
-18
-19
-17
-18
-19
-15
-14
-11
-7
-3
5
13
15
17
18
16
12
7
-5
-20
-30
-41
-47
-55
-59
-55
-47
-36
-15
3
19
37
44
49
53
39
21
2
-16
-31
-48
-64
-75
-78
-77
-65
-47
-20
8
29
42
56
62
64
57
48
29
8
-20
-46
-71
-85
-86
-80
-71
-54
-32
-11
7
23
40
54
58
55
42
22
-6
-29
-45
-54
-62
-62
-57
-50
-45
-33
-20
-3
15
32
41
42
32
19
6
-6
-15
-19
-24
-29
-33
-35
-36
-26
-12
2
13
21
22
17
5
-5
-11
-16
-19
-22
-28
-33
-36
-35
-31
-21
0
12
18
19
13
6
-6
-18
-24
-24
-28
-34
-35
-36
-33
-25
-15
-4
10
21
21
17
14
8
-1
-6
-10
-13
-16
-19
-24
-25
-19
-12
-5
7
9
7
0
-6
-14
-19
-22
-25
-28
-27
-27
-21
-17
-11
-3
8
24
25
18
9
-6
-20
-31
-44
-52
-57
-60
-55
-39
-21
-10
10
32
45
57
63
56
42
22
1
-23
-47
-60
-71
-72
-65
-58
-49
-30
-7
15
32
44
56
56
50
31
11
-6
-25
-39
-50
-58
-60
-61
-60
-54
-42
-20
-1
10
21
22
19
16
12
8
6
1
-3
-9
-14
-18
-18
-16
-12
-7
-6
-11
-12
-15
-25
-31
-29
-21
-16
-6
3
10
18
18
20
20
17
12
6
-6
-22
-44
-59
-67
-66
-55
-43
-32
-23
-14
-4
11
23
34
39
43
37
26
9
-8
-23
-34
-36
-37
-41
-43
-45
-41
-36
-22
-2
9
20
33
36
25
18
14
8
6
4
-8
-22
-39
-54
-59
-55
-50
-40
-32
-22
-15
-16
-9
6
23
38
44
42
31
14
-3
-18
-32
-38
-50
-50
-53
-55
-56
-48
-26
3
34
52
62
63
50
36
19
0
-17
-32
-47
-61
-67
-70
-65
-51
-27
4
27
41
46
45
34
19
8
-5
-20
-42
-63
-74
-83
-79
-63
-41
-20
12
40
53
60
62
52
41
28
12
-15
-41
-63
-82
-88
-84
-65
-41
-13
14
38
57
61
66
60
48
33
11
-17
-45
-73
-89
-96
-91
-78
-60
-37
-12
13
36
42
50
55
51
38
16
-8
-29
-48
-60
-67
-70
-64
-54
-34
-18
-2
21
36
49
55
49
38
23
7
-14
-31
-42
-48
-50
-48
-38
-25
-13
6
23
27
27
18
10
-6
-17
-34
-44
-53
-55
-53
-49
-37
-17
5
26
42
50
49
41
27
4
-17
-32
-50
-69
-84
-90
-86
-71
-46
-13
23
54
78
96
99
95
79
52
24
-11
-56
-98
-129
-148
-148
-136
-107
-64
-13
32
76
112
130
138
135
115
77
23
-31
-82
-131
-163
-178
-177
-157
-123
-76
-25
28
75
122
159
169
158
136
94
46
-8
-62
-110
-141
-163
-172
-161
-133
-94
-49
3
56
102
127
134
129
112
82
42
3
-39
-81
-110
-124
-133
-130
-111
-78
-39
-6
21
38
49
63
65
60
49
34
19
0
-19
-25
-28
-38
-37
-29
-33
-32
-27
-27
-24
-21
-15
-8
-3
0
4
10
28
33
39
38
26
18
9
-10
-29
-45
-56
-69
-78
-82
-78
-67
-48
-26
-1
24
42
52
55
55
48
32
18
1
-23
-49
-65
-70
-71
-63
-54
-42
-24
-7
9
21
23
32
36
37
34
24
10
-2
-9
-9
-12
-20
-21
-27
-33
-40
-45
-43
-40
-37
-29
-20
-11
1
15
26
30
38
38
34
17
-2
-17
-35
-47
-53
-62
-65
-62
-55
-41
-26
2
27
41
54
58
54
46
30
16
-6
-25
-47
-63
-78
-82
-75
-64
-44
-11
12
33
48
50
49
43
33
20
-3
-23
-46
-68
-80
-80
-71
-53
-32
-7
10
22
28
36
45
48
41
33
13
-11
-34
-49
-55
-58
-58
-46
-36
-26
-13
1
18
29
39
41
40
33
20
1
-20
-31
-41
-50
-57
-59
-60
-57
-48
-26
-8
11
25
30
30
24
17
11
6
0
-12
-25
-36
-43
-49
-43
-35
-21
-11
0
5
8
8
9
14
24
26
22
13
-5
-23
-28
-28
-30
-20
-17
-15
-15
-14
-8
-9
-5
-2
-1
-2
-12
-20
-30
-39
-38
-32
-21
-16
-10
-5
3
7
10
17
22
21
14
2
-13
-26
-38
-46
-47
-42
-36
-30
-22
-12
-1
9
23
31
38
41
40
31
16
2
-18
-35
-45
-56
-62
-67
-63
-58
-48
-36
-11
11
26
37
46
47
42
29
16
2
-12
-30
-47
-54
-60
-64
-60
-48
-33
-17
0
15
27
34
39
35
33
31
20
6
-8
-23
-37
-41
-43
-40
-34
-25
-17
-10
-7
-5
-1
1
-2
-6
-15
-28
-26
-32
-31
-27
-16
-4
7
20
27
29
28
24
10
-8
-30
-47
-64
-76
-72
-69
-59
-38
-10
17
45
71
82
88
87
72
49
24
-6
-45
-78
-103
-117
-126
-124
-108
-83
-46
-8
37
76
100
115
120
109
81
49
14
-26
-68
-106
-141
-158
-162
-145
-108
-63
-14
30
64
98
121
127
123
111
92
58
9
-44
-92
-118
-138
-139
-125
-104
-77
-51
-24
15
53
85
111
125
117
90
53
12
-29
-58
-81
-98
-109
-119
-121
-116
-86
-52
-11
35
69
89
94
84
71
55
38
17
-3
-27
-57
-87
-102
-104
-95
-72
-40
-10
14
34
41
49
63
70
68
68
50
17
-23
-60
-86
-95
-95
-82
-75
-63
-49
-34
-11
20
46
69
78
77
61
33
7
-16
-38
-57
-69
-79
-87
-87
-80
-62
-35
1
33
54
68
75
73
69
58
42
23
-4
-33
-65
-87
-97
-104
-98
-76
-54
-25
-1
22
41
62
81
86
77
57
27
-6
-37
-58
-72
-86
-96
-97
-89
-79
-63
-37
-4
27
48
61
71
70
67
59
48
29
9
-16
-42
-64
-82
-88
-87
-77
-64
-44
-25
-7
15
37
52
64
68
63
53
35
11
-13
-32
-50
-60
-69
-75
-75
-69
-65
-51
-31
-11
7
20
30
33
35
39
40
34
28
18
6
-8
-23
-33
-39
-41
-44
-46
-48
-49
-48
-38
-24
-14
1
14
22
30
38
46
49
52
47
35
14
-14
-42
-70
-95
-109
-112
-109
-96
-76
-49
-16
19
54
87
113
127
118
97
72
33
-10
-53
-89
-119
-146
-155
-150
-126
-92
-46
8
55
95
128
147
145
134
114
72
24
-29
-86
-131
-164
-175
-172
-156
-123
-80
-27
25
72
111
145
153
147
124
81
34
-20
-73
-115
-143
-161
-166
-152
-123
-86
-35
16
68
108
132
140
130
110
82
46
10
-31
-70
-105
-135
-145
-138
-119
-88
-49
-6
34
68
95
110
109
101
82
55
13
-34
-77
-103
-120
-128
-120
-100
-79
-44
-11
21
51
77
92
96
89
69
36
1
-28
-53
-75
-90
-96
-94
-81
-62
-34
-1
28
54
73
76
72
64
40
10
-16
-39
-58
-77
-90
-93
-91
-69
-43
-11
16
45
63
69
65
55
36
9
-24
-51
-73
-91
-93
-89
-73
-47
-21
6
39
59
71
76
76
62
43
16
-18
-52
-76
-87
-92
-87
-77
-52
-30
-4
27
54
74
83
81
69
43
15
-20
-54
-77
-97
-102
-100
-98
-81
-53
-19
18
53
78
88
82
65
39
14
-15
-42
-66
-88
-96
-93
-86
-64
-34
-3
32
58
81
84
77
59
38
14
-13
-39
-61
-81
-92
-95
-87
-64
-34
-1
23
44
63
71
70
62
46
22
-7
-38
-68
-91
-104
-107
-99
-73
-47
-14
12
37
61
76
82
82
66
41
12
-17
-46
-72
-87
-90
-86
-75
-62
-40
-12
9
35
52
57
64
60
47
29
10
-14
-33
-49
-61
-68
-70
-68
-61
-49
-31
-12
8
21
30
32
34
31
20
9
-6
-19
-29
-33
-37
-34
-26
-17
-14
-12
-2
4
6
9
5
0
-7
-15
-20
-18
-14
-11
-4
1
6
6
5
6
5
1
-1
-8
-19
-33
-44
-56
-62
-58
-50
-37
-22
-4
11
17
27
35
43
44
38
28
10
-14
-38
-58
-69
-71
-67
-63
-49
-31
-10
12
37
51
68
68
63
46
26
2
-27
-46
-61
-73
-80
-73
-62
-53
-34
-9
12
31
44
48
39
24
12
-1
-20
-35
-48
-53
-56
-55
-46
-35
-20
-2
14
32
41
38
34
20
6
-7
-24
-34
-41
-45
-43
-38
-27
-8
12
28
42
45
41
32
18
-5
-24
-47
-64
-74
-80
-74
-62
-44
-23
2
27
46
57
63
64
47
23
-1
-25
-50
-71
-87
-95
-94
-85
-72
-49
-18
22
54
77
93
95
89
77
54
24
-5
-38
-72
-98
-114
-119
-109
-93
-67
-32
4
38
68
83
86
87
81
62
37
7
-30
-65
-87
-106
-115
-114
-104
-84
-57
-32
-4
30
58
79
96
100
98
83
55
23
-5
-44
-76
-96
-111
-120
-116
-94
-70
-38
0
37
63
83
93
95
85
70
47
17
-16
-51
-85
-107
-120
-121
-106
-90
-68
-41
-10
24
53
75
90
93
87
67
44
13
-21
-48
-71
-90
-101
-99
-90
-74
-48
-20
8
40
62
75
77
74
60
46
23
1
-26
-54
-75
-88
-86
-78
-64
-44
-21
-4
8
25
39
45
47
43
30
13
-11
-32
-50
-63
-71
-71
-65
-50
-38
-24
-4
19
41
57
64
65
54
36
7
-18
-37
-56
-73
-77
-78
-76
-63
-40
-17
11
38
65
79
81
76
62
37
16
-8
-36
-68
-91
-109
-120
-118
-100
-77
-44
-7
26
55
77
93
104
103
89
65
28
-12
-54
-91
-114
-129
-130
-121
-102
-74
-43
-6
34
68
102
123
125
111
86
56
22
-15
-53
-89
-108
-120
-129
-126
-113
-88
-51
-12
21
48
69
79
84
85
77
61
35
8
-22
-49
-76
-90
-92
-85
-75
-66
-47
-29
-12
9
31
47
60
61
57
47
37
21
12
0
-12
-24
-37
-49
-56
-63
-58
-53
-47
-35
-28
-18
-7
0
8
19
24
25
20
17
13
5
1
-6
-9
-13
-28
-35
-39
-43
-52
-54
-50
-45
-36
-24
-9
3
21
37
51
59
68
61
48
31
12
-12
-33
-59
-79
-88
-94
-94
-80
-56
-32
-6
21
38
53
64
72
70
57
39
12
-20
-51
-77
-96
-101
-97
-85
-66
-40
-16
9
34
50
65
73
68
52
29
0
-22
-39
-49
-55
-57
-49
-39
-26
-11
2
19
26
29
24
18
9
-14
-32
-34
-40
-39
-36
-32
-28
-25
-18
-7
1
10
13
14
8
-3
-11
-20
-24
-21
-21
-18
-18
-19
-16
-22
-20
-13
-6
-2
2
3
6
4
7
13
19
23
22
17
9
2
-11
-26
-37
-41
-46
-53
-63
-62
-59
-49
-34
-9
16
41
63
70
68
62
48
30
7
-20
-52
-84
-110
-123
-129
-117
-91
-55
-18
27
62
86
100
109
111
108
90
63
19
-27
-76
-111
-134
-147
-140
-120
-95
-70
-38
-1
36
70
102
126
133
120
89
49
3
-39
-69
-96
-115
-128
-135
-128
-112
-83
-46
0
46
73
97
98
89
80
68
58
35
8
-17
-52
-79
-97
-101
-88
-75
-57
-42
-25
-6
7
24
39
53
61
66
60
41
17
-4
-19
-32
-43
-53
-60
-66
-72
-74
-70
-58
-41
-21
-3
10
24
31
41
52
55
54
51
35
12
-17
-40
-57
-73
-85
-86
-80
-68
-48
-24
4
37
62
78
86
80
67
44
20
-8
-41
-62
-81
-97
-101
-96
-78
-50
-24
5
30
44
53
62
54
43
23
0
-25
-50
-68
-81
-83
-72
-52
-30
-6
17
39
54
62
64
58
41
23
-5
-34
-62
-80
-84
-78
-63
-45
-22
5
34
54
63
69
66
52
28
0
-33
-64
-89
-100
-99
-96
-83
-60
-31
-4
22
45
64
73
72
59
38
15
-9
-31
-45
-62
-72
-78
-77
-65
-43
-14
4
22
39
52
59
56
48
33
19
3
-13
-32
-50
-58
-59
-52
-49
-35
-27
-19
-13
-7
2
6
7
10
11
7
0
-6
-13
-15
-14
-14
-14
-18
-25
-28
-33
-38
-33
-27
-16
-6
0
9
19
23
25
22
21
21
15
1
-13
-30
-40
-43
-44
-39
-32
-25
-12
-7
-2
4
12
15
18
14
4
-8
-18
-32
-42
-44
-41
-37
-31
-23
-14
-6
8
16
22
26
26
23
12
-7
-27
-40
-47
-49
-37
-25
-16
0
13
21
21
26
30
30
18
3
-16
-35
-52
-62
-64
-62
-46
-30
-14
-6
2
14
21
25
32
27
18
2
-16
-33
-50
-58
-57
-54
-42
-30
-23
-14
0
12
28
40
48
49
46
29
10
-9
-26
-39
-45
-49
-47
-47
-49
-41
-28
-12
8
22
39
41
39
31
17
6
-3
-14
-23
-30
-44
-56
-66
-71
-71
-58
-42
-20
-1
10
20
30
36
49
58
58
49
30
7
-20
-48
-67
-76
-76
-73
-65
-52
-39
-24
-4
11
34
59
76
77
67
47
23
-1
-20
-36
-53
-62
-74
-84
-87
-90
-75
-51
-25
6
32
48
53
49
46
39
36
32
21
-1
-27
-52
-69
-78
-69
-57
-43
-30
-16
-10
-6
-4
7
25
40
52
52
43
27
11
-2
-12
-19
-25
-35
-46
-62
-75
-76
-68
-52
-35
-12
10
25
31
31
27
29
41
40
28
15
-5
-29
-48
-58
-60
-54
-51
-46
-40
-33
-24
-12
3
23
42
51
57
54
43
26
10
-4
-15
-28
-41
-50
-63
-67
-67
-57
-47
-30
-13
1
15
24
26
30
33
29
21
14
4
-12
-27
-37
-46
-57
-60
-59
-55
-49
-37
-20
2
21
35
44
47
51
46
34
24
8
-16
-35
-47
-60
-64
-62
-47
-34
-19
-5
6
22
23
29
32
33
27
12
-7
-23
-44
-53
-60
-65
-58
-47
-37
-26
-18
0
13
29
39
40
36
24
10
-6
-23
-36
-42
-48
-43
-39
-33
-27
-15
7
23
29
36
33
27
18
6
-11
-20
-25
-32
-35
-36
-42
-39
-35
-28
-13
-5
4
7
6
9
6
4
-2
-5
-9
-16
-27
-36
-38
-37
-36
-29
-21
-14
-1
9
13
20
24
26
29
22
12
1
-15
-28
-34
-39
-40
-38
-34
-31
-26
-15
1
16
24
29
27
24
14
1
-10
-23
-34
-44
-53
-65
-75
-73
-61
-38
-16
11
34
50
61
63
53
47
35
13
-12
-44
-71
-90
-99
-93
-81
-56
-27
6
41
59
71
82
87
80
64
39
9
-29
-64
-96
-111
-112
-100
-84
-63
-36
-12
13
41
63
75
78
71
54
27
-8
-40
-68
-84
-94
-99
-86
-69
-44
-19
13
43
66
79
87
73
48
16
-14
-39
-57
-67
-75
-72
-62
-51
-28
-1
22
45
56
57
48
30
13
-7
-39
-61
-73
-77
-76
-71
-57
-39
-16
12
31
47
56
64
56
44
24
-3
-28
-49
-71
-86
-90
-84
-69
-48
-21
11
40
64
75
82
80
64
45
20
-6
-33
-63
-84
-95
-97
-86
-71
-51
-32
-10
12
33
43
50
50
46
32
17
2
-18
-32
-44
-54
-56
-62
-64
-61
-51
-35
-19
1
22
37
49
52
46
42
42
26
15
0
-17
-32
-41
-50
-62
-63
-53
-44
-35
-23
-12
0
13
29
33
36
41
34
24
8
-12
-28
-39
-52
-66
-80
-80
-77
-63
-52
-26
5
33
54
65
63
59
45
32
19
-5
-26
-43
-60
-68
-74
-65
-54
-40
-20
5
23
39
49
52
44
36
24
12
-3
-23
-44
-55
-63
-60
-61
-53
-43
-25
-9
4
24
33
36
33
20
6
-11
-21
-35
-49
-50
-49
-44
-35
-12
8
27
36
43
42
31
22
10
-10
-23
-41
-53
-65
-68
-59
-48
-31
-8
13
36
52
51
48
50
38
24
8
-20
-47
-71
-92
-107
-109
-98
-79
-52
-22
8
38
64
89
100
104
98
76
42
2
-42
-75
-102
-116
-124
-120
-106
-84
-57
-22
23
62
97
120
129
119
99
66
32
-2
-37
-73
-105
-134
-147
-153
-147
-121
-85
-37
17
55
86
109
125
129
122
99
71
28
-25
-78
-117
-140
-155
-147
-130
-103
-69
-31
6
47
87
115
131
127
114
85
53
14
-22
-54
-81
-103
-115
-122
-116
-106
-78
-36
2
37
61
76
80
73
66
51
25
3
-23
-50
-73
-91
-95
-87
-69
-43
-16
6
21
27
31
32
32
26
16
3
-9
-23
-34
-39
-29
-20
-10
1
6
12
12
11
11
5
1
-14
-26
-41
-54
-61
-55
-46
-36
-17
-1
16
28
37
46
49
46
33
12
-13
-41
-67
-89
-100
-101
-91
-68
-39
-9
21
48
71
86
97
89
70
44
11
-19
-47
-78
-92
-99
-98
-89
-73
-44
-12
15
40
56
66
67
64
53
32
12
-14
-37
-57
-76
-86
-92
-82
-67
-47
-24
-3
16
35
49
54
53
45
34
23
6
-12
-32
-50
-63
-66
-59
-53
-40
-24
-7
6
15
25
32
35
33
32
25
15
-2
-22
-38
-49
-54
-57
-58
-58
-52
-42
-28
-12
4
28
43
49
50
43
25
5
-20
-38
-48
-57
-64
-60
-54
-41
-21
-3
21
39
51
52
45
28
6
-11
-25
-32
-32
-32
-34
-33
-25
-15
-7
4
17
23
20
8
-10
-22
-40
-50
-52
-52
-51
-46
-43
-29
-12
14
37
53
64
62
55
34
6
-23
-53
-77
-88
-99
-102
-90
-74
-48
-14
28
70
102
121
127
115
92
55
16
-27
-63
-97
-123
-138
-145
-135
-108
-75
-34
6
47
77
92
103
105
99
85
59
23
-14
-50
-88
-115
-137
-137
-133
-117
-91
-56
-19
14
47
82
109
122
124
110
88
59
25
-12
-45
-69
-89
-107
-117
-118
-111
-88
-67
-40
-9
22
43
67
85
97
101
95
83
58
25
-11
-52
-93
-122
-138
-146
-147
-137
-111
-79
-41
6
50
90
123
142
148
138
112
80
47
11
-33
-85
-130
-167
-182
-178
-158
-123
-77
-25
32
77
117
148
172
179
165
135
84
18
-53
-117
-171
-203
-215
-213
-187
-146
-96
-44
19
82
136
176
191
185
159
117
60
0
-49
-93
-138
-167
-175
-173
-153
-124
-79
-23
35
89
124
146
153
144
123
92
54
12
-36
-79
-122
-149
-157
-151
-133
-100
-62
-22
14
43
62
77
87
84
75
57
30
5
-20
-44
-60
-73
-80
-79
-78
-70
-56
-43
-21
1
24
36
49
60
60
57
49
30
15
2
-12
-28
-46
-54
-61
-65
-57
-48
-34
-21
-5
5
5
8
13
12
15
16
14
5
-2
-13
-26
-32
-34
-34
-33
-35
-32
-29
-26
-17
-14
-6
2
10
12
12
8
3
2
5
9
6
6
8
6
-1
-9
-16
-18
-21
-27
-36
-38
-42
-41
-36
-25
-10
7
21
34
33
29
22
16
8
-3
-22
-38
-53
-63
-73
-73
-65
-47
-26
-6
11
24
37
45
42
43
47
36
18
-2
-24
-48
-65
-71
-64
-58
-49
-32
-18
4
30
46
55
56
52
38
18
-6
-31
-52
-73
-82
-83
-82
-69
-49
-20
8
31
49
55
61
54
40
25
9
-18
-42
-61
-77
-81
-78
-66
-42
-15
9
32
44
55
63
62
60
50
32
5
-30
-64
-85
-104
-101
-88
-70
-51
-31
-6
25
47
60
72
78
75
56
24
-10
-45
-71
-89
-97
-96
-92
-82
-65
-47
-19
12
43
65
80
90
88
73
57
31
4
-20
-43
-65
-87
-103
-112
-102
-79
-45
-11
20
48
65
73
78
72
63
50
23
-7
-39
-71
-92
-99
-102
-94
-78
-58
-38
-19
-3
20
35
51
65
68
60
49
29
10
-10
-30
-48
-57
-62
-69
-75
-67
-56
-38
-11
7
27
43
53
56
53
48
43
33
16
-5
-28
-46
-61
-75
-83
-83
-76
-64
-53
-34
-15
7
34
54
64
68
66
55
39
19
-8
-40
-66
-86
-97
-100
-94
-81
-56
-25
4
37
65
82
93
92
86
65
34
0
-36
-68
-89
-104
-105
-100
-86
-57
-33
-2
30
53
69
75
76
60
33
9
-21
-49
-73
-89
-98
-99
-84
-65
-37
-5
32
58
82
87
78
64
40
10
-20
-49
-77
-97
-111
-106
-89
-56
-21
24
62
88
106
103
95
75
44
17
-21
-58
-99
-128
-149
-149
-137
-100
-61
-15
30
63
95
113
126
124
107
79
40
-9
-63
-109
-144
-163
-165
-148
-117
-80
-38
9
55
95
131
152
153
136
104
60
12
-37
-78
-109
-130
-140
-137
-125
-102
-76
-41
-5
33
65
84
96
96
90
75
49
27
-3
-34
-61
-81
-105
-112
-113
-106
-92
-68
-35
-3
24
52
66
72
74
76
70
60
45
21
1
-22
-55
-71
-81
-83
-77
-68
-56
-48
-38
-23
-7
15
43
63
83
80
64
42
16
-10
-27
-42
-57
-75
-90
-99
-103
-94
-66
-35
-4
18
35
51
51
51
51
52
51
41
31
4
-23
-45
-62
-70
-66
-56
-46
-36
-31
-29
-24
-8
14
39
53
59
55
36
18
4
-11
-23
-26
-32
-41
-51
-64
-75
-72
-63
-56
-38
-19
-8
3
9
19
31
42
54
58
54
43
23
0
-25
-41
-57
-64
-66
-68
-65
-59
-51
-33
-9
20
45
63
72
77
69
54
38
23
1
-16
-35
-56
-84
-110
-125
-127
-109
-82
-49
-16
18
45
71
93
104
102
89
75
43
2
-43
-86
-118
-141
-147
-126
-96
-69
-34
7
38
66
94
115
123
117
99
64
20
-22
-63
-91
-112
-118
-118
-109
-94
-73
-45
-7
31
66
96
110
102
76
42
6
-30
-54
-77
-95
-105
-104
-96
-79
-44
-3
34
67
85
90
78
52
21
-2
-23
-41
-59
-66
-66
-62
-57
-36
-7
19
43
56
54
45
25
4
-7
-25
-40
-48
-59
-69
-74
-72
-52
-33
-10
14
37
53
50
41
30
18
3
-18
-35
-53
-68
-72
-72
-54
-29
-3
24
44
53
58
51
42
23
8
-14
-37
-58
-67
-66
-54
-39
-16
8
25
39
46
37
27
17
5
-14
-36
-56
-71
-80
-83
-77
-57
-31
-8
11
30
43
51
57
56
48
33
13
-13
-42
-71
-83
-91
-89
-76
-60
-37
-9
19
47
68
82
90
87
70
42
12
-16
-47
-65
-76
-84
-81
-75
-71
-57
-39
-16
3
19
32
39
44
37
25
17
12
6
-2
-16
-26
-41
-57
-70
-74
-65
-52
-35
-19
-5
12
26
36
41
47
46
39
30
17
-1
-16
-27
-35
-36
-34
-30
-27
-30
-30
-31
-30
-23
-16
-11
-8
-2
0
-2
0
4
8
10
12
4
-2
-10
-20
-31
-28
-25
-26
-26
-26
-29
-32
-39
-34
-25
-12
3
13
26
33
39
42
42
48
38
20
0
-26
-53
-74
-88
-88
-82
-208
-176
-116
-32
63
144
207
240
227
165
65
-54
-161
-237
-274
-264
-214
-131
-33
47
104
141
152
136
102
53
3
-32
-52
-47
-24
6
43
70
69
41
-11
-69
-119
-149
-154
-130
-77
-11
53
108
146
156
144
109
51
-16
-92
-155
-196
-201
-171
-116
-52
16
70
96
99
80
50
22
-8
-27
-36
-35
-22
-5
11
32
40
28
-2
-45
-87
-123
-137
-123
-83
-30
36
92
128
141
128
100
59
12
-41
-83
-111
-123
-125
-101
-59
-11
35
61
67
56
35
13
-5
-18
-17
-14
-13
-11
-17
-29
-44
-58
-66
-67
-69
-67
-61
-44
-13
24
64
98
116
116
95
55
7
-35
-73
-98
-103
-95
-77
-48
-16
11
37
52
65
63
45
14
-17
-39
-53
-50
-40
-29
-24
-23
-28
-39
-46
-48
-42
-28
-7
12
24
31
30
28
24
10
-10
-33
-57
-77
-84
-76
-54
-17
22
58
76
83
76
55
38
18
2
-14
-32
-47
-59
-64
-59
-45
-30
-17
-14
-13
-24
-33
-35
-25
-4
25
48
62
58
40
14
-24
-50
-70
-88
-99
-96
-83
-60
-27
9
51
84
95
88
71
36
0
-32
-45
-43
-39
-32
-21
-16
-17
-20
-24
-30
-34
-30
-30
-27
-13
5
28
52
70
79
68
33
-9
-58
-99
-128
-135
-119
-92
-62
-25
16
52
72
77
76
68
47
15
-15
-34
-45
-41
-27
-9
9
18
13
-9
-33
-52
-62
-70
-62
-42
-15
13
42
71
82
77
63
33
-10
-53
-90
-112
-120
-102
-69
-31
4
31
47
46
34
18
1
-21
-39
-46
-45
-29
-4
25
50
62
53
35
3
-35
-70
-92
-100
-90
-64
-29
10
46
70
88
88
75
47
14
-24
-52
-72
-73
-64
-48
-34
-22
-18
-26
-37
-47
-58
-59
-50
-36
-6
29
60
96
118
121
104
73
25
-37
-100
-142
-170
-171
-146
-105
-53
3
57
101
125
131
115
83
45
2
-41
-71
-86
-85
-79
-66
-54
-44
-36
-36
-34
-29
-18
3
28
55
76
93
97
85
61
23
-21
-75
-120
-151
-166
-156
-117
-67
-8
52
98
130
141
122
91
52
7
-39
-73
-95
-99
-92
-73
-59
-39
-20
-14
-11
-13
-11
-9
-6
4
22
40
51
55
56
43
27
-3
-33
-64
-86
-89
-76
-57
-31
-2
22
37
44
33
14
-13
-36
-58
-66
-64
-48
-22
5
36
59
67
63
46
18
-15
-46
-72
-86
-82
-72
-44
-14
18
44
58
63
56
35
7
-14
-40
-58
-57
-48
-34
-23
-18
-8
-9
-17
-25
-38
-45
-48
-46
-30
-11
22
50
69
81
80
59
33
5
-27
-55
-73
-84
-82
-73
-58
-39
-15
1
15
19
10
-2
-13
-14
-8
6
30
46
55
55
41
21
-8
-41
-70
-95
-109
-108
-99
-70
-30
11
49
77
94
85
66
33
1
-32
-66
-81
-83
-78
-61
-43
-22
4
20
26
28
20
12
5
4
10
15
28
33
30
19
3
-20
-46
-65
-81
-90
-83
-67
-46
-18
11
35
52
54
45
29
9
-11
-31
-46
-49
-43
-29
-15
1
12
13
11
-1
-17
-32
-41
-46
-48
-38
-19
2
30
48
58
59
54
36
6
-25
-47
-64
-65
-62
-52
-35
-21
-8
1
5
6
-4
-7
-12
-19
-17
-12
-3
9
22
26
21
13
-2
-22
-43
-54
-62
-60
-46
-28
-5
15
30
36
36
32
21
6
-17
-32
-45
-54
-48
-36
-14
8
26
35
31
14
-9
-27
-41
-50
-55
-56
-44
-30
-14
4
24
37
43
42
32
13
-6
-24
-35
-36
-26
-20
-20
-22
-32
-45
-51
-54
-47
-27
-7
15
33
50
58
72
73
64
47
17
-21
-69
-101
-124
-130
-115
-85
-46
-3
29
48
70
76
73
71
55
29
-3
-39
-63
-78
-80
-72
-58
-40
-30
-22
-18
-15
-9
1
21
36
43
40
33
21
8
-9
-26
-37
-43
-46
-51
-49
-37
-18
11
29
49
59
46
22
-6
-35
-55
-66
-70
-67
-60
-44
-19
3
24
39
58
66
58
40
15
-19
-49
-66
-74
-77
-71
-54
-46
-39
-25
-12
2
19
36
52
64
67
64
46
30
4
-17
-33
-57
-77
-95
-107
-107
-92
-66
-26
14
49
78
92
92
76
57
33
15
-12
-37
-57
-75
-87
-92
-87
-73
-55
-36
-21
-9
6
16
24
36
47
58
62
55
39
17
-5
-24
-47
-66
-73
-74
-68
-61
-49
-31
-10
14
35
47
50
49
38
24
8
-10
-19
-23
-32
-34
-37
-38
-41
-44
-39
-33
-27
-21
-13
-3
5
8
11
13
17
15
2
-3
-11
-23
-29
-37
-32
-23
-17
-2
12
15
14
8
5
-2
-10
-14
-18
-19
-25
-29
-26
-21
-13
0
10
10
4
-5
-17
-24
-27
-20
-9
0
4
4
-3
-11
-20
-23
-28
-27
-32
-35
-41
-39
-35
-18
-1
24
43
54
54
40
25
13
1
-10
-23
-36
-50
-61
-68
-68
-61
-47
-20
5
27
41
43
49
46
41
37
25
6
-21
-55
-85
-97
-99
-93
-70
-42
-19
10
30
41
53
56
57
47
21
-7
-41
-61
-74
-77
-64
-44
-17
10
33
50
56
55
51
33
9
-18
-45
-70
-85
-86
-80
-60
-32
-1
28
47
63
70
70
61
42
15
-24
-55
-78
-98
-114
-114
-98
-76
-47
-20
19
48
69
88
94
89
73
47
14
-23
-57
-81
-98
-103
-97
-82
-59
-28
7
40
62
75
74
68
53
29
7
-20
-44
-60
-71
-78
-68
-59
-42
-25
-10
3
15
26
28
25
21
14
-1
-12
-22
-28
-33
-34
-37
-37
-31
-28
-21
-13
-7
4
17
28
29
25
26
17
11
2
-3
-9
-19
-29
-42
-45
-45
-39
-30
-21
-10
-2
4
5
10
13
19
22
17
5
-5
-24
-35
-42
-52
-51
-50
-51
-44
-40
-34
-18
-2
23
42
50
56
58
45
25
7
-16
-40
-56
-70
-76
-72
-64
-44
-25
-5
18
37
54
61
61
50
30
8
-11
-29
-48
-54
-60
-65
-68
-61
-53
-40
-19
2
24
42
52
48
38
32
18
10
-4
-22
-35
-58
-76
-83
-80
-64
-37
-10
23
37
49
49
46
40
32
24
16
-2
-22
-45
-62
-71
-68
-47
-22
-5
-4
-12
-20
-23
-26
-15
7
24
30
26
15
-2
-13
-17
-13
-2
-1
-11
-27
-48
-63
-63
-50
-29
-13
2
14
12
8
5
10
26
44
52
52
44
22
-3
-25
-42
-49
-48
-56
-65
-78
-84
-77
-59
-23
19
53
77
85
79
61
44
25
7
-13
-30
-54
-78
-99
-108
-106
-97
-77
-49
-18
2
21
36
51
63
76
88
91
84
65
32
-7
-47
-79
-104
-117
-120
-117
-105
-87
-67
-38
3
45
84
115
134
128
107
77
41
5
-31
-59
-85
-111
-134
-150
-153
-137
-107
-63
-15
35
75
106
129
141
140
125
102
67
13
-43
-96
-146
-172
-180
-164
-128
-79
-28
22
63
96
123
135
127
110
82
34
-18
-66
-106
-126
-129
-117
-98
-75
-48
-20
4
28
52
65
71
64
46
19
-13
-42
-67
-77
-80
-73
-61
-47
-28
-2
25
54
77
93
92
73
36
-10
-47
-76
-98
-102
-100
-86
-64
-37
-7
23
53
83
97
96
77
44
6
-32
-64
-78
-87
-86
-86
-77
-65
-52
-38
-14
14
39
50
50
42
29
18
13
7
3
-4
-14
-26
-39
-42
-43
-35
-20
-9
-2
-1
-11
-20
-26
-32
-24
-11
2
9
19
23
28
38
48
55
52
30
-4
-45
-85
-124
-144
-147
-135
-109
-73
-34
12
56
99
135
159
166
145
105
50
-11
-69
-113
-143
-159
-169
-167
-152
-121
-75
-18
49
107
158
194
204
188
154
105
55
-3
-66
-130
-191
-234
-250
-241
-209
-155
-79
2
77
137
178
202
211
196
162
108
34
-39
-111
-171
-210
-223
-217
-191
-149
-99
-49
9
71
123
165
190
197
182
147
102
50
-3
-57
-109
-154
-191
-208
-202
-174
-124
-65
-3
61
107
137
154
150
141
114
77
29
-28
-75
-118
-142
-148
-142
-121
-95
-68
-45
-23
4
32
58
78
94
94
79
57
33
16
3
-9
-26
-44
-65
-79
-90
-87
-68
-45
-21
2
9
9
8
8
16
22
30
36
34
27
12
2
2
-4
-7
-21
-41
-69
-96
-113
-118
-106
-77
-42
-6
29
55
77
96
108
118
116
95
56
9
-37
-73
-104
-120
-123
-127
-123
-113
-90
-60
-17
33
77
118
143
155
146
124
90
53
10
-46
-101
-155
-200
-222
-226
-202
-148
-88
-20
50
107
155
181
199
197
169
124
66
-8
-83
-146
-190
-207
-204
-189
-160
-123
-71
-11
60
127
180
209
212
195
156
104
43
-24
-90
-144
-189
-226
-247
-230
-188
-124
-43
40
114
168
194
201
190
156
111
47
-21
-93
-158
-208
-228
-217
-184
-131
-72
-11
47
93
129
156
170
164
142
104
49
-8
-66
-117
-144
-157
-161
-149
-120
-88
-46
2
51
99
130
148
141
113
72
27
-21
-66
-107
-132
-146
-145
-128
-97
-62
-15
32
65
84
93
91
79
51
23
-2
-30
-54
-66
-72
-72
-66
-55
-35
-15
-4
12
25
37
46
47
40
29
12
-9
-23
-36
-49
-57
-54
-53
-52
-46
-26
-8
16
36
39
36
27
9
-14
-28
-37
-44
-45
-44
-43
-41
-33
-15
2
22
37
45
35
19
8
-6
-18
-20
-18
-18
-22
-28
-33
-34
-32
-22
-7
5
14
18
17
11
11
8
10
9
2
-13
-33
-57
-68
-70
-60
-48
-29
-12
-2
4
13
19
32
37
38
32
14
-10
-31
-42
-42
-43
-41
-34
-29
-26
-25
-20
-10
3
23
31
36
32
29
24
14
2
-6
-16
-26
-43
-52
-57
-56
-47
-34
-17
-1
12
22
21
16
12
6
-4
-12
-18
-26
-33
-32
-29
-25
-19
-4
-1
3
4
0
-8
-13
-16
-22
-21
-18
-19
-16
-10
-1
5
12
19
22
23
18
9
2
-7
-20
-34
-47
-50
-51
-58
-55
-49
-38
-23
-2
20
34
48
60
55
47
33
10
-13
-34
-55
-79
-87
-86
-84
-69
-47
-18
15
38
56
66
71
69
59
41
19
-4
-26
-49
-60
-70
-76
-69
-61
-46
-30
-13
0
12
27
38
39
40
34
22
8
-10
-26
-45
-55
-58
-60
-55
-49
-36
-19
-6
2
12
20
19
15
9
3
-1
-5
-6
-11
-9
-3
5
7
10
8
2
-10
-18
-27
-35
-38
-38
-38
-32
-25
-14
0
16
29
35
36
32
18
5
-11
-23
-36
-45
-54
-60
-66
-67
-60
-42
-22
1
14
29
41
48
51
48
38
27
11
-12
-33
-53
-70
-75
-69
-56
-35
-13
3
16
31
42
49
45
35
22
4
-21
-41
-53
-57
-57
-44
-34
-26
-17
-8
-3
1
6
8
5
1
-6
-11
-18
-19
-25
-25
-19
-15
-10
-6
-1
2
3
11
14
12
10
4
-4
-8
-14
-20
-30
-31
-32
-29
-19
-9
0
11
14
15
13
6
-4
-9
-19
-29
-36
-41
-46
-46
-36
-24
-12
-2
3
3
0
-5
-10
-10
-6
-5
-5
-5
-8
-9
-7
0
9
15
11
6
0
-14
-21
-24
-22
-15
-12
-10
-13
-12
-10
-11
-2
4
12
14
8
-5
-10
-17
-17
-21
-26
-34
-47
-53
-55
-54
-41
-20
-4
9
22
28
35
37
33
23
13
2
-15
-35
-51
-62
-63
-56
-36
-17
1
9
15
23
29
35
40
34
26
17
-5
-26
-38
-44
-48
-49
-52
-52
-48
-45
-39
-21
-6
10
27
32
38
36
27
21
11
-2
-14
-29
-43
-58
-65
-63
-59
-48
-30
-14
2
19
31
40
52
58
61
56
43
24
6
-18
-46
-69
-83
-95
-101
-97
-84
-63
-32
1
36
64
83
91
93
81
61
29
-8
-46
-83
-111
-125
-131
-122
-103
-70
-33
5
41
69
90
99
95
82
61
34
11
-18
-43
-63
-75
-77
-74
-64
-53
-35
-15
5
22
33
38
32
23
16
5
-7
-11
-16
-20
-22
-22
-21
-15
-7
-2
-1
-7
-17
-34
-52
-65
-67
-64
-54
-34
-16
2
30
46
68
82
87
82
58
23
-13
-51
-81
-98
-104
-103
-90
-79
-57
-34
-7
22
55
81
95
95
80
57
32
7
-17
-37
-58
-81
-99
-113
-120
-110
-84
-51
-15
17
45
63
72
77
82
77
63
46
16
-21
-51
-72
-90
-91
-82
-66
-52
-38
-26
-8
5
27
46
59
68
62
48
30
10
-7
-23
-34
-48
-61
-73
-80
-79
-72
-52
-25
-3
24
38
39
39
35
25
17
9
-6
-23
-38
-47
-60
-59
-46
-28
-12
0
11
17
16
17
20
20
24
22
15
-2
-21
-37
-46
-45
-43
-35
-25
-22
-19
-11
1
12
27
38
41
33
20
3
-25
-44
-57
-65
-69
-72
-66
-59
-49
-30
-3
22
43
59
60
59
51
34
22
6
-8
-26
-41
-50
-63
-73
-70
-63
-47
-28
-5
10
24
34
45
46
51
51
43
26
1
-28
-54
-70
-78
-79
-69
-59
-45
-29
-14
-2
10
22
25
30
24
19
15
3
-4
-13
-14
-7
-6
-12
-14
-18
-24
-31
-30
-25
-20
-16
-15
-11
-12
-11
-1
6
11
22
18
17
7
-4
-6
-7
-8
-8
-12
-20
-34
-46
-55
-60
-62
-53
-37
-23
-11
2
16
28
40
46
51
50
37
20
1
-20
-39
-51
-53
-57
-56
-55
-51
-39
-28
-18
-1
23
37
48
54
52
49
41
29
14
-6
-25
-49
-73
-93
-104
-103
-88
-66
-44
-18
11
39
54
64
68
66
56
35
13
-15
-47
-71
-82
-80
-74
-60
-45
-29
-9
13
32
44
54
58
57
46
29
10
-17
-37
-46
-51
-57
-55
-50
-44
-28
-8
12
26
38
38
32
16
-11
-31
-47
-60
-63
-65
-62
-52
-38
-14
13
37
50
57
54
38
14
-12
-31
-43
-54
-59
-61
-54
-40
-23
-6
18
40
57
62
52
38
14
-6
-21
-34
-42
-48
-56
-59
-61
-55
-33
-8
15
33
43
50
38
19
0
-18
-30
-43
-57
-70
-79
-78
-70
-47
-9
31
62
81
90
84
62
35
7
-23
-51
-72
-91
-109
-113
-102
-77
-35
7
53
89
109
113
100
76
55
28
-2
-38
-69
-105
-135
-147
-141
-121
-88
-50
-11
26
57
78
91
98
102
94
78
42
1
-42
-82
-111
-130
-134
-121
-99
-65
-30
0
31
58
78
99
104
101
88
61
25
-10
-47
-70
-81
-87
-87
-83
-79
-73
-59
-41
-22
4
28
48
61
65
56
40
26
13
1
-14
-32
-45
-67
-83
-86
-82
-66
-41
-14
6
19
23
23
25
30
37
46
52
49
32
9
-15
-28
-35
-36
-35
-43
-54
-59
-63
-60
-53
-37
-8
15
32
38
39
35
31
30
28
20
8
-13
-34
-64
-86
-87
-80
-66
-50
-37
-26
-18
-12
4
30
52
70
82
82
67
47
21
-2
-21
-37
-52
-68
-90
-96
-88
-82
-62
-34
0
28
50
58
58
55
52
47
36
21
3
-25
-48
-67
-86
-98
-101
-97
-83
-68
-47
-27
-11
12
40
68
87
98
101
87
63
37
14
-14
-44
-72
-96
-109
-110
-105
-91
-72
-46
-17
19
53
82
102
110
108
95
72
42
7
-32
-70
-103
-129
-151
-162
-155
-122
-81
-38
12
53
88
120
133
128
117
98
64
17
-39
-85
-122
-143
-148
-134
-110
-81
-45
-4
34
67
95
116
126
117
91
53
10
-32
-70
-94
-108
-117
-110
-101
-83
-53
-17
18
52
76
86
85
69
42
11
-20
-47
-75
-90
-95
-95
-88
-64
-33
5
39
62
78
85
78
63
38
7
-25
-51
-72
-86
-91
-87
-73
-52
-27
3
36
60
72
78
76
65
42
15
-18
-46
-75
-94
-104
-110
-102
-86
-63
-32
0
29
55
73
86
86
76
52
22
-4
-30
-58
-75
-88
-94
-93
-78
-56
-31
-7
23
46
62
62
60
58
51
42
22
6
-19
-42
-59
-68
-74
-76
-70
-56
-47
-33
-20
-5
10
31
48
56
59
48
33
16
-3
-19
-35
-47
-59
-69
-82
-82
-76
-60
-38
-9
18
39
53
57
62
64
64
60
47
25
-2
-37
-66
-88
-99
-103
-92
-73
-59
-37
-10
9
39
65
85
89
84
64
33
-5
-34
-60
-79
-87
-94
-99
-98
-84
-64
-37
-1
34
61
73
76
73
66
53
39
18
-6
-32
-60
-83
-94
-95
-86
-68
-41
-11
15
38
51
60
66
67
61
46
27
-5
-44
-70
-91
-95
-93
-82
-65
-45
-20
-4
12
34
50
58
62
50
28
6
-16
-39
-59
-70
-73
-65
-59
-48
-32
-11
12
38
55
60
61
55
42
22
-3
-26
-46
-65
-78
-83
-71
-58
-40
-17
8
32
43
50
52
47
36
17
-3
-28
-47
-68
-80
-82
-71
-55
-36
-18
-6
7
22
35
43
48
47
40
26
11
-11
-29
-39
-44
-49
-51
-46
-41
-34
-22
-8
10
25
32
31
23
16
6
-4
-12
-21
-22
-26
-31
-37
-33
-30
-28
-24
-20
-16
-18
-19
-22
-21
-17
-10
0
9
16
19
16
15
16
10
10
5
-4
-14
-25
-35
-40
-43
-41
-30
-24
-19
-12
-3
5
16
22
26
33
33
32
24
8
-13
-31
-44
-57
-65
-69
-73
-69
-65
-54
-37
-15
8
29
45
57
62
58
52
44
28
12
-5
-26
-52
-76
-90
-102
-102
-90
-65
-41
-12
20
46
67
90
106
114
111
90
59
19
-25
-73
-114
-141
-158
-162
-150
-128
-93
-53
-8
43
95
135
156
158
144
115
72
20
-31
-80
-123
-152
-175
-188
-182
-151
-106
-48
16
76
131
166
182
181
166
137
89
38
-24
-86
-139
-181
-204
-203
-180
-141
-92
-40
8
56
101
134
155
161
144
111
72
24
-31
-84
-118
-142
-154
-156
-146
-129
-105
-66
-19
23
66
104
127
134
126
115
92
64
30
-7
-48
-84
-113
-129
-135
-123
-104
-80
-50
-22
4
31
51
76
93
95
92
76
54
28
-5
-34
-56
-79
-102
-113
-122
-125
-115
-90
-65
-29
13
50
76
96
106
110
107
94
72
38
0
-41
-78
-108
-123
-128
-119
-102
-79
-49
-20
13
46
80
103
113
111
96
72
38
-1
-40
-77
-95
-116
-130
-134
-123
-99
-70
-27
18
52
79
93
91
78
61
39
11
-20
-42
-69
-81
-85
-86
-71
-49
-16
15
34
40
42
42
35
26
20
12
-5
-22
-37
-41
-50
-46
-29
-13
1
11
20
18
10
3
-3
-13
-20
-31
-42
-49
-59
-56
-53
-35
-12
10
29
43
44
39
29
15
1
-11
-25
-40
-57
-68
-70
-58
-43
-19
3
21
39
51
52
48
39
26
13
-3
-20
-36
-53
-54
-58
-58
-50
-39
-26
-13
-5
5
16
23
28
33
32
27
10
-4
-21
-40
-50
-58
-65
-65
-62
-50
-31
-15
6
28
44
61
64
62
52
35
17
-3
-30
-52
-72
-78
-80
-80
-71
-57
-33
-4
22
43
62
74
72
60
47
31
6
-23
-52
-78
-98
-108
-106
-93
-74
-47
-17
16
47
65
78
77
71
58
38
11
-22
-49
-69
-76
-78
-71
-58
-34
-20
-2
9
28
41
40
41
33
16
3
-13
-32
-36
-38
-35
-28
-23
-20
-17
-12
-8
1
7
9
5
-7
-26
-38
-46
-51
-48
-37
-24
-16
-1
13
28
42
55
61
55
41
13
-16
-44
-68
-82
-90
-90
-83
-68
-52
-28
7
43
77
98
109
106
84
56
25
-9
-43
-74
-97
-120
-136
-137
-130
-107
-73
-31
16
61
92
107
115
118
113
91
56
17
-27
-72
-113
-142
-154
-148
-128
-98
-63
-26
12
51
89
118
136
138
125
92
51
8
-37
-67
-93
-113
-129
-137
-131
-117
-89
-51
-5
39
70
95
101
100
93
71
48
23
-12
-50
-83
-109
-121
-127
-113
-89
-54
-23
5
36
56
69
80
86
85
69
42
7
-25
-48
-64
-74
-72
-71
-62
-49
-38
-15
7
24
36
43
44
38
24
5
-13
-25
-39
-52
-59
-57
-51
-42
-31
-17
4
20
27
28
28
26
16
-2
-20
-38
-42
-49
-48
-43
-31
-17
0
17
28
37
45
46
41
26
8
-11
-34
-52
-63
-71
-66
-62
-49
-36
-22
-8
13
25
41
50
50
44
28
10
-14
-38
-51
-63
-70
-73
-71
-62
-46
-24
-1
18
37
57
65
66
55
39
20
4
-13
-28
-45
-57
-65
-65
-58
-50
-36
-19
-2
14
24
25
27
28
31
27
20
10
-8
-24
-39
-52
-61
-65
-62
-58
-52
-45
-35
-26
-9
13
31
45
51
49
40
29
19
7
-7
-21
-39
-50
-54
-61
-62
-56
-47
-28
-7
13
31
42
58
60
60
52
39
21
-3
-33
-57
-76
-92
-92
-89
-81
-60
-38
-11
17
44
59
69
65
55
37
13
-12
-39
-60
-70
-78
-76
-73
-58
-33
-10
14
36
50
59
57
52
38
19
1
-17
-36
-55
-69
-74
-71
-53
-30
-6
14
33
42
43
42
32
19
0
-23
-48
-70
-86
-94
-89
-69
-41
-10
20
44
65
72
73
65
50
29
5
-24
-55
-83
-98
-104
-93
-72
-42
-8
22
45
63
74
79
73
66
51
23
-12
-49
-83
-100
-107
-106
-96
-75
-48
-21
6
27
48
67
74
72
62
38
6
-24
-51
-70
-81
-81
-74
-65
-49
-32
-15
9
33
52
57
58
52
38
17
-1
-19
-33
-43
-52
-51
-48
-42
-34
-23
-7
3
11
18
19
17
13
8
-1
-7
-14
-22
-33
-41
-47
-48
-43
-36
-24
-13
-4
7
19
22
22
19
15
9
2
-9
-14
-24
-32
-32
-30
-25
-20
-18
-10
-6
1
12
22
24
21
15
8
-2
-12
-16
-22
-32
-37
-40
-47
-52
-41
-29
-17
-4
13
24
25
22
16
6
-1
-11
-22
-33
-43
-49
-52
-51
-40
-21
0
19
28
33
38
34
29
22
17
9
-6
-23
-41
-51
-59
-57
-51
-36
-20
-8
-1
10
24
32
37
38
33
20
0
-19
-39
-53
-63
-73
-71
-65
-54
-36
-20
-1
14
27
43
46
47
39
24
13
1
-11
-23
-34
-43
-48
-50
-49
-44
-28
-18
-14
-6
3
19
25
33
42
46
37
22
7
-7
-28
-41
-51
-55
-60
-66
-68
-62
-53
-35
-11
9
32
40
36
30
27
24
24
24
15
0
-22
-46
-63
-73
-66
-55
-36
-23
-16
-8
-4
2
13
32
48
62
66
52
27
-2
-24
-32
-35
-38
-44
-51
-59
-68
-65
-60
-47
-19
8
18
26
22
22
23
26
29
30
29
16
-4
-27
-50
-69
-73
-66
-59
-56
-43
-33
-20
-8
11
38
61
71
73
64
47
29
5
-16
-33
-45
-59
-70
-80
-84
-82
-68
-50
-25
6
32
49
51
49
48
39
35
28
15
-9
-36
-60
-80
-86
-83
-73
-51
-29
-12
-4
7
24
36
46
52
52
46
37
16
-5
-21
-32
-39
-42
-42
-44
-51
-45
-43
-35
-20
2
19
32
35
31
26
20
7
-5
-14
-25
-33
-41
-58
-70
-72
-56
-36
-21
-4
13
26
29
29
26
23
25
21
9
-4
-24
-44
-53
-56
-48
-36
-22
-3
3
10
18
25
28
28
28
22
6
-11
-30
-46
-51
-54
-50
-43
-29
-16
-10
0
10
19
20
20
13
7
-6
-21
-39
-45
-44
-47
-40
-22
-8
3
8
16
21
18
17
15
12
-3
-14
-26
-34
-40
-34
-33
-25
-14
-5
5
14
14
15
13
13
11
5
-4
-20
-32
-41
-46
-44
-46
-43
-32
-17
-8
-6
3
11
16
20
21
17
10
1
-7
-17
-23
-25
-24
-21
-21
-23
-24
-24
-21
-17
-10
-2
0
10
21
21
21
26
22
18
10
-5
-22
-36
-49
-61
-69
-66
-64
-52
-41
-23
-3
19
32
47
56
50
43
31
10
-14
-32
-48
-61
-73
-78
-77
-69
-50
-23
6
35
57
65
69
68
61
46
29
1
-29
-56
-76
-85
-89
-82
-61
-38
-10
12
34
49
57
56
48
29
6
-22
-49
-70
-85
-90
-81
-62
-37
-19
3
28
45
56
59
56
42
18
-7
-37
-60
-71
-73
-69
-58
-46
-27
-3
24
44
63
75
78
70
48
19
-9
-41
-66
-82
-94
-98
-96
-86
-67
-36
-5
26
49
63
69
67
57
41
26
9
-20
-45
-68
-83
-90
-87
-73
-57
-35
-12
2
11
24
37
49
59
63
59
47
29
8
-13
-21
-28
-41
-51
-62
-75
-88
-83
-61
-41
-19
3
20
32
38
46
51
58
61
51
33
9
-25
-61
-85
-98
-105
-99
-89
-78
-68
-51
-29
8
50
86
112
121
115
98
67
36
5
-28
-56
-86
-115
-138
-139
-129
-108
-66
-20
27
59
83
101
105
106
94
76
49
18
-23
-68
-105
-129
-145
-142
-120
-96
-70
-37
0
32
59
81
103
111
103
78
45
13
-19
-48
-74
-89
-93
-94
-78
-64
-47
-22
1
28
46
57
55
47
35
20
8
-10
-20
-24
-32
-41
-47
-47
-45
-34
-26
-19
-13
-4
-4
-7
-10
-12
-8
-3
4
6
2
-2
-6
-11
-12
-6
-6
-4
-7
-15
-18
-17
-18
-15
-7
1
7
11
7
2
0
-1
-4
-9
-15
-25
-31
-39
-39
-36
-26
-12
2
18
24
24
20
19
13
3
-14
-30
-49
-68
-82
-84
-79
-61
-34
-1
22
43
61
70
73
68
55
38
14
-19
-48
-71
-90
-94
-88
-82
-63
-38
-11
13
32
55
70
73
75
62
44
20
-8
-34
-56
-73
-84
-87
-85
-73
-59
-43
-26
-3
12
26
33
36
37
36
30
21
11
1
-3
-13
-27
-30
-31
-32
-32
-39
-40
-43
-38
-24
-11
-4
6
13
19
23
27
35
39
31
21
12
-3
-16
-32
-47
-55
-54
-61
-66
-65
-62
-57
-39
-19
3
19
32
44
53
59
60
54
47
30
8
-17
-44
-78
-95
-102
-103
-90
-77
-57
-33
-4
28
54
83
105
111
102
83
58
25
-17
-47
-72
-99
-116
-128
-130
-123
-95
-60
-20
21
53
80
98
103
99
87
65
40
6
-34
-71
-104
-122
-125
-114
-97
-77
-45
-10
22
49
71
90
96
96
82
50
18
-12
-44
-63
-78
-86
-88
-87
-80
-64
-38
-9
18
45
62
64
58
48
29
13
-7
-28
-43
-63
-74
-84
-77
-60
-44
-21
4
28
40
45
48
46
41
30
18
-5
-29
-49
-63
-72
-67
-53
-43
-22
-5
12
25
39
54
58
56
44
26
7
-22
-43
-62
-75
-88
-91
-84
-74
-58
-32
-3
24
48
64
74
79
66
46
24
3
-30
-59
-78
-96
-101
-100
-89
-70
-39
-10
28
56
74
85
95
92
82
60
33
0
-34
-68
-95
-115
-120
-112
-97
-75
-49
-24
10
43
73
90
98
96
77
47
20
-15
-43
-68
-91
-104
-111
-113
-99
-79
-48
-16
22
53
72
81
89
89
80
60
39
10
-21
-53
-83
-100
-108
-109
-92
-71
-47
-18
7
36
61
75
89
87
75
51
19
-11
-43
-69
-88
-102
-106
-101
-88
-66
-42
-11
14
42
69
80
80
65
51
30
7
-20
-43
-60
-70
-76
-80
-72
-52
-28
-2
22
39
52
59
55
46
34
16
-9
-30
-49
-61
-68
-68
-54
-42
-27
-13
4
20
25
25
20
12
0
-15
-25
-38
-46
-52
-52
-40
-28
-13
8
24
37
40
35
22
12
-1
-15
-26
-35
-39
-47
-52
-52
-37
-16
2
21
40
51
55
47
35
19
1
-17
-34
-56
-72
-82
-83
-78
-66
-41
-17
8
30
42
48
48
47
37
24
11
-10
-32
-55
-67
-71
-70
-58
-39
-20
-4
10
23
28
30
35
38
34
19
3
-9
-16
-26
-30
-31
-30
-27
-27
-23
-19
-15
-9
-9
-6
-3
-5
-14
-22
-22
-22
-21
-17
-14
-3
-1
0
6
10
12
9
0
-10
-22
-29
-40
-50
-50
-44
-37
-25
-8
8
24
37
47
51
50
39
26
14
-6
-27
-47
-66
-76
-82
-79
-65
-49
-26
-4
16
36
49
60
59
51
41
22
3
-24
-54
-73
-89
-94
-87
-72
-50
-29
-3
20
40
63
76
82
72
54
31
-1
-36
-65
-85
-89
-84
-77
-65
-46
-24
6
28
48
68
76
67
49
26
1
-30
-57
-75
-85
-88
-83
-75
-59
-35
-2
27
52
72
77
72
50
27
2
-26
-50
-69
-85
-89
-89
-75
-54
-24
12
48
72
82
83
75
59
36
5
-23
-50
-75
-94
-103
-101
-82
-53
-24
4
31
52
64
67
63
48
30
4
-27
-49
-71
-88
-96
-91
-75
-56
-34
-7
21
46
63
71
71
57
40
15
-15
-37
-57
-73
-78
-75
-68
-49
-27
2
31
56
71
73
67
46
18
-5
-29
-53
-76
-86
-90
-87
-72
-50
-23
11
39
58
72
72
59
42
26
7
-18
-46
-73
-95
-106
-105
-91
-70
-40
-3
31
57
75
86
88
85
77
49
17
-18
-53
-88
-118
-128
-122
-104
-81
-49
-12
24
53
86
107
108
103
84
58
17
-29
-71
-99
-121
-139
-142
-131
-113
-79
-32
15
62
100
125
132
132
119
90
48
4
-46
