# 2019-09-17 14:51:44.823968
# resolution = 0
# velocity = 3
# LP filter = 5
# HP filter = 2
# gain = 1

# direction: 0
-111
-114
-94
-59
-13
26
51
64
57
36
16
7
5
3
5
2
-4
-16
-24
-28
-38
-41
-47
-56
-66
-70
-66
-51
-19
19
50
68
69
55
24
-8
-34
-52
-63
-63
-61
-51
-37
-22
2
32
52
63
64
52
27
0
-12
-21
-27
-23
-22
-15
-19
-35
-47
-52
-50
-39
-19
-5
12
25
36
48
55
44
24
-7
-46
-84
-119
-142
-135
-106
-60
-10
39
80
102
101
84
64
38
14
-11
-35
-58
-69
-69
-53
-37
-16
-6
-2
-10
-17
-22
-21
-6
24
51
65
78
72
52
25
-17
-61
-94
-119
-133
-142
-135
-101
-51
11
71
114
135
124
92
40
-13
-58
-83
-92
-83
-61
-36
-17
4
23
20
8
-10
-30
-50
-63
-55
-24
26
80
114
139
133
95
36
-33
-100
-149
-177
-180
-158
-115
-53
12
78
131
161
164
133
74
3
-63
-113
-136
-133
-105
-71
-35
-10
2
-3
-27
-54
-73
-79
-77
-60
-23
34
104
169
201
210
180
114
11
-98
-187
-247
-264
-229
-163
-68
32
122
188
220
221
184
113
31
-58
-134
-177
-180
-149
-89
-25
26
50
43
11
-44
-99
-135
-149
-127
-80
-13
62
137
195
217
204
152
66
-47
-167
-263
-305
-289
-214
-100
35
157
251
295
288
233
150
47
-54
-145
-206
-217
-187
-132
-48
30
83
92
59
-11
-96
-166
-210
-205
-152
-64
40
141
220
253
240
178
85
-36
-160
-270
-335
-343
-279
-153
3
160
298
385
405
346
228
86
-53
-172
-253
-276
-247
-180
-84
8
85
124
111
60
-35
-135
-210
-245
-220
-132
-3
140
263
345
365
310
197
38
-143
-311
-427
-484
-459
-350
-180
14
198
339
408
395
306
174
26
-113
-219
-272
-272
-211
-112
4
110
180
197
154
65
-47
-152
-214
-209
-140
-29
111
231
298
299
233
100
-73
-261
-422
-532
-570
-517
-378
-163
94
339
540
636
621
504
310
88
-121
-274
-347
-341
-261
-137
9
147
250
299
278
186
48
-112
-263
-370
-404
-368
-274
-137
2
116
178
171
107
-13
-148
-259
-316
-298
-205
-45
159
359
524
615
592
465
252
-8
-267
-473
-590
-599
-502
-317
-95
125
288
368
349
235
57
-153
-338
-470
-516
-470
-330
-121
115
340
515
614
618
524
359
159
-49
-222
-329
-363
-329
-249
-162
-96
-68
-75
-105
-135
-152
-129
-58
70
242
444
647
810
886
833
625
267
-184
-647
-1031
-1249
-1253
-1042
-669
-207
264
680
994
1177
1208
1080
784
361
-139
-635
-1006
-1180
-1132
-889
-560
-269
-128
-187
-446
-864
-1401
-2016
-2673
-3309
-3757
-3824
-3342
-2244
-706
955
2494
3930
5623
8095
11540
15361
18091
18093
14184
6520
-3196
-12873
-20316
-24088
-23924
-20366
-14480
-7622
-944
4599
8189
9656
9242
7481
5107
2707
749
-497
-994
-889
-403
196
718
1056
1189
1167
1049
885
699
497
253
-25
-319
-591
-810
-938
-944
-828
-591
-257
133
524
861
1074
1119
980
664
225
-264
-737
-1105
-1321
-1361
-1212
-927
-552
-157
190
438
574
583
493
341
176
45
-23
-35
5
53
95
97
49
-51
-194
-356
-492
-570
-574
-486
-310
-73
184
410
573
640
602
469
283
85
-85
-194
-225
-177
-61
101
269
407
477
449
322
108
-164
-447
-683
-827
-851
-752
-545
-276
7
258
437
510
490
388
235
64
-86
-184
-203
-143
-17
138
276
365
382
313
180
21
-135
-256
-316
-309
-243
-140
-24
85
165
185
132
14
-149
-330
-490
-576
-562
-450
-250
0
259
473
604
640
580
433
231
15
-189
-347
-426
-422
-337
-196
-30
129
239
284
253
160
34
-95
-192
-240
-231
-168
-68
42
137
184
183
127
20
-106
-226
-303
-317
-260
-141
19
187
320
411
423
360
231
60
-121
-285
-405
-456
-427
-331
-180
-5
158
276
330
313
238
128
14
-77
-129
-140
-107
-45
28
94
131
130
89
7
-107
-227
-321
-366
-346
-260
-118
45
200
315
363
343
257
126
-22
-166
-277
-340
-344
-291
-191
-58
79
201
281
309
271
188
78
-26
-105
-134
-122
-76
-12
52
93
102
75
22
-51
-135
-209
-250
-256
-217
-136
-23
103
212
281
295
234
128
2
-129
-233
-293
-301
-263
-185
-77
27
121
192
224
222
178
113
33
-41
-82
-95
-73
-27
29
67
78
55
9
-55
-125
-176
-200
-199
-165
-107
-25
65
152
216
242
221
151
49
-64
-169
-243
-278
-264
-199
-118
-28
52
108
148
153
134
98
51
6
-35
-49
-43
-22
10
48
69
68
41
-14
-77
-122
-146
-154
-127
-74
-10
58
113
146
160
144
113
49
-30
-98
-158
-197
-201
-172
-109
-40
31
73
90
89
69
43
15
-8
-26
-35
-26
-17
-7
16
32
34
22
-11
-48
-91
-120
-128
-118
-84
-27
40
97
131
143
129
101
62
7
-48
-92
-121
-133
-122
-92
-54
-6
36
62
61
50
33
10
-9
-16
-15
-9
-6
-7
-22
-39
-50
-56
-63
-67
-68
-67
-55
-31
-12
22
68
109
124
122
95
48
0
-43
-80
-103
-105
-94
-73
-49
-22
11
37
60
75
64
38
6
-21
-40
-52
-48
-38
-28
-22
-29
-35
-44
-50
-46
-38
-23
1
15
31
30
28
27
25
9
-8
-32
-58
-79
-84
-78
-59
-19
22
62
82
85
75
57
34
18
-2
-18
-33
-47
-57
-61
-57
-45
-30
-16
-16
-23
-30
-36
-33
-21
0
25
48
64
59
38
9
-22
