# 2019-09-17 14:57:17.528495
# resolution = 1
# velocity = 3
# LP filter = 5
# HP filter = 2
# gain = 1

# direction: 0
-82
-75
-65
-46
-25
-2
26
54
82
97
100
85
55
14
-37
-80
-112
-124
-112
-97
-76
-45
-15
11
33
46
55
58
50
35
10
-8
-27
-35
-30
-24
-18
-17
-21
-24
-33
-36
-38
-33
-22
-9
4
19
25
23
30
33
19
7
-11
-33
-51
-58
-54
-34
-13
5
21
30
29
18
1
-21
-41
-54
-59
-55
-47
-32
-8
15
35
50
53
46
30
6
-23
-47
-59
-62
-53
-40
-27
-11
-2
2
5
8
0
-8
-14
-13
-9
-8
3
15
23
32
32
24
4
-25
-48
-72
-83
-80
-63
-39
-17
10
34
46
46
40
26
11
-18
-36
-44
-47
-38
-25
-5
16
27
27
17
-2
-27
-47
-64
-67
-61
-49
-26
8
32
51
66
71
60
42
17
-16
-49
-71
-78
-76
-65
-47
-32
-13
3
14
12
13
10
8
9
13
15
20
19
20
16
3
-19
-48
-76
-99
-112
-114
-92
-54
-9
40
76
108
121
113
90
55
15
-26
-64
-93
-107
-102
-91
-67
-33
-7
11
24
23
17
5
-1
-6
-6
1
11
23
28
30
22
6
-15
-36
-62
-76
-83
-79
-67
-44
-11
24
52
71
74
62
44
15
-16
-40
-57
-62
-54
-41
-23
-6
10
13
10
-5
-20
-34
-43
-43
-35
-20
7
30
46
56
54
37
13
-19
-48
-72
-85
-85
-73
-46
-16
15
43
56
54
40
17
-14
-39
-66
-77
-72
-54
-32
0
32
49
65
62
41
18
-13
-40
-57
-67
-61
-46
-24
0
18
29
30
24
17
1
-16
-27
-25
-19
-10
0
12
13
7
-11
-41
-71
-100
-110
-106
-90
-61
-16
37
91
133
158
156
132
81
17
-47
-104
-145
-168
-168
-145
-109
-61
-13
36
74
101
105
93
67
44
24
7
-3
-7
-13
-28
-41
-61
-81
-95
-112
-115
-100
-77
-42
9
55
105
132
150
144
115
61
-1
-66
-120
-158
-166
-151
-119
-73
-21
29
65
84
91
84
66
36
7
-20
-34
-40
-32
-12
5
7
4
-12
-35
-61
-77
-86
-80
-66
-41
-11
27
54
76
87
80
55
21
-20
-60
-89
-97
-92
-71
-39
-9
16
30
29
24
8
-11
-31
-38
-44
-41
-25
4
42
73
84
83
67
30
-16
-59
-88
-105
-111
-97
-68
-37
1
34
62
80
81
62
33
-2
-38
-61
-69
-61
-43
-20
-6
4
-6
-22
-34
-52
-66
-63
-53
-35
-8
23
51
78
95
99
83
51
6
-42
-88
-117
-126
-115
-79
-37
-3
30
49
59
62
56
45
30
12
-8
-30
-41
-42
-36
-28
-21
-20
-29
-50
-69
-80
-77
-63
-36
-3
33
60
83
92
84
71
46
14
-21
-55
-88
-112
-110
-90
-53
-14
24
45
54
51
35
20
7
-2
-2
0
-1
-3
-10
-19
-26
-37
-41
-45
-57
-67
-69
-67
-47
-14
20
48
70
70
56
28
-4
-29
-48
-62
-65
-61
-55
-42
-20
3
29
48
64
63
51
33
12
-13
-24
-23
-17
-11
-11
-23
-38
-51
-54
-50
-40
-28
-10
8
22
33
40
44
45
27
-1
-45
-88
-118
-136
-132
-103
-60
-5
42
80
96
97
86
64
41
16
-8
-34
-62
-72
-69
-60
-43
-20
-5
-1
-5
-11
-16
-16
-6
20
46
69
73
70
56
24
-13
-54
-90
-121
-140
-147
-131
-94
-47
10
68
115
135
121
85
41
-8
-53
-81
-92
-86
-64
-42
-17
4
18
19
9
-6
-26
-48
-60
-54
-27
20
69
114
141
138
99
41
-26
-94
-143
-179
-182
-158
-115
-60
6
75
132
164
165
136
79
10
-62
-112
-139
-136
-110
-75
-31
-7
-4
-9
-24
-44
-64
-78
-78
-61
-22
31
89
156
200
212
186
117
17
-86
-185
-246
-262
-229
-160
-69
33
118
184
220
220
180
115
27
-62
-136
-181
-186
-151
-93
-26
31
56
45
10
-40
-94
-133
-145
-128
-79
-15
63
135
192
219
212
158
62
-56
-168
-255
-297
-289
-217
-103
26
151
245
288
284
233
153
55
-49
-137
-198
-214
-186
-130
-55
25
80
93
62
-7
-92
-167
-212
-208
-155
-67
39
137
210
251
239
182
87
-33
-156
-266
-333
-337
-283
-162
-1
161
301
386
398
341
231
92
-51
-170
-242
-270
-244
-181
-91
5
79
121
116
60
-30
-129
-210
-248
-222
-137
-6
132
258
345
366
315
199
40
-143
-305
-427
-484
-457
-351
-186
7
192
329
401
395
318
188
31
-108
-214
-268
-270
-213
-114
1
107
181
200
154
66
-43
-149
-211
-211
-145
-28
104
221
293
294
235
106
-68
-251
-413
-527
-569
-520
-383
-171
88
339
537
636
624
511
315
87
-121
-278
-356
-348
-269
-142
9
145
250
299
280
199
60
-103
-257
-365
-405
-375
-277
-144
-3
112
176
174
109
-3
-139
-253
-314
-302
-210
-49
151
347
514
604
591
472
256
-4
-259
-472
-591
-598
-495
-318
-94
121
284
364
349
243
61
-148
-336
-469
-514
-465
-331
-135
104
329
507
605
615
531
366
165
-41
-215
-326
-358
-326
-255
-171
-97
-63
-68
-99
-137
-155
-131
-60
65
236
437
640
801
883
836
636
291
-159
-627
-1014
-1237
-1245
-1049
-690
-234
243
658
973
1167
1206
1087
799
374
-129
-617
-995
-1172
-1127
-893
-563
-271
-127
-180
-434
-848
-1375
-1989
-2654
-3282
-3737
-3823
-3355
-2301
-784
892
2420
3838
5539
8016
11405
15194
18011
18110
14403
6918
-2837
-12451
-19927
-23890
-23870
-20470
-14683
-7783
-1103
4414
8093
9634
9271
7561
5171
2773
818
-462
-992
-907
-440
156
681
1021
1166
1153
1039
879
701
496
260
-13
-310
-587
-809
-936
-948
-830
-599
-270
113
497
833
1055
1111
987
681
247
-245
-715
-1092
-1317
-1356
-1218
-928
-556
-168
183
440
576
581
491
342
183
51
-24
-39
-9
49
93
97
50
-53
-198
-350
-484
-568
-577
-491
-319
-85
169
398
564
631
596
472
286
88
-76
-192
-228
-183
-66
93
258
402
479
456
335
122
-153
-433
-673
-821
-850
-757
-556
-289
-7
246
425
508
493
394
238
69
-80
-184
-208
-146
-20
133
276
365
377
312
186
26
-134
-253
-308
-302
-247
-150
-28
86
165
180
134
19
-149
-331
-480
-574
-569
-456
-258
-5
247
460
602
645
589
451
250
30
-171
-330
-422
-423
-342
-204
-34
124
238
281
250
162
37
-93
-195
-243
-232
-173
-73
36
129
183
183
126
23
-98
-214
-298
-318
-263
-150
12
180
317
407
425
362
235
67
-111
-274
-394
-448
-427
-334
-185
-15
148
272
327
315
241
132
17
-79
-136
-144
-108
-47
26
89
133
136
94
8
-100
-221
-319
-367
-348
-263
-125
39
193
314
368
346
265
138
-12
-156
-269
-335
-344
-295
-196
-66
68
193
276
304
273
191
81
-23
-98
-131
-123
-77
-12
51
89
98
74
18
-59
-134
-202
-247
-255
-219
-136
-28
96
208
279
288
235
135
9
-123
-229
-294
-306
-265
-188
-84
25
122
194
229
225
183
112
33
-36
-86
-93
-71
-27
31
68
79
62
12
-55
-123
-175
-203
-201
-165
-106
-26
60
149
215
243
223
157
60
-52
-164
-244
-277
-265
-209
-127
-38
49
110
146
149
133
99
54
7
-28
-53
-49
-27
11
50
74
71
38
-9
-68
-120
-151
-153
-126
-75
-11
58
109
144
161
144
109
48
-29
-99
-161
-195
-195
-168
-115
-49
21
70
94
98
77
48
19
-7
-24
-34
-30
-18
-2
17
29
33
22
-6
-49
-91
-123
-131
-118
-83
-27
35
90
126
137
126
100
63
19
-34
-82
-115
-129
-125
-97
-60
-15
27
58
67
57
34
13
-6
-13
-14
-13
-9
-15
-25
-33
-42
-56
-68
-69
-69
-66
-59
-41
-10
25
63
104
125
120
92
53
3
-44
-75
-95
-103
-91
-74
-48
-19
11
37
56
66
62
44
18
-14
-38
-51
-53
-39
-28
-22
-27
-33
-41
-47
-47
-35
-19
-3
10
20
30
31
30
23
13
-7
-33
-60
-81
-87
-78
-53
-13
27
57
74
80
74
56
37
18
3
-14
-32
-46
-57
-62
-60
-48
-32
-18
-10
-14
-22
-36
-36
-23
-2
25
46
57
57
39
15
-17
-51
-74
-86
-92
-97
-89
-62
-27
12
54
84
95
92
74
38
-1
-31
-48
-51
-43
-32
-20
-15
-18
-21
-30
-33
-33
-33
-30
-25
-15
7
32
55
70
77
65
32
-7
-55
-99
-124
-132
-119
-93
-61
-20
20
50
72
82
78
68
42
12
-15
-37
-50
-45
-28
-8
9
16
9
-9
-27
-50
-66
-68
-63
-41
-17
14
43
68
80
80
65
26
-12
-55
-95
-118
-121
-99
-64
-25
8
31
43
48
42
20
-2
-23
-39
-47
-41
-25
-2
27
47
59
53
36
5
-33
-66
-92
-93
-81
-61
-32
7
40
68
87
90
75
48
15
-24
-54
-70
-74
-66
-51
-39
-28
-20
-20
-32
-45
-57
-67
-58
-35
-3
31
65
97
119
122
105
74
20
-38
-99
-146
-171
-175
-150
-106
-54
4
61
104
128
133
122
89
46
-3
-42
-72
-89
-86
-79
-66
-53
-43
-38
-33
-36
-29
-16
4
30
53
77
91
94
86
60
24
-21
-75
-122
-154
-163
-152
-121
-66
-5
51
99
131
136
121
92
53
6
-36
-73
-93
-98
-88
-74
-59
-40
-19
-10
-7
-13
-15
-11
-5
2
19
34
47
63
59
47
27
-3
-37
-61
-79
-87
-73
-53
-31
-3
22
35
37
29
12
-11
-30
-49
-65
-63
-48
-24
7
37
55
63
61
45
15
-17
-44
-71
-84
-83
-69
-44
-11
24
48
61
59
46
28
7
-20
-39
-54
-53
-49
-41
-25
-16
-9
-6
-15
-26
-41
-47
-49
-45
-30
-9
22
48
70
82
76
59
35
5
-25
-52
-77
-87
-80
-74
-54
-34
-10
1
10
11
5
-8
-9
-7
-2
7
27
45
54
56
44
24
-3
-37
-67
-94
-112
-114
-97
-70
-30
9
48
80
93
84
64
40
-2
-35
-64
-81
-82
-75
-61
-41
-23
-3
18
29
31
20
15
6
3
8
17
24
33
31
20
0
-29
-53
-69
-82
-88
-80
-61
-42
-18
10
33
55
62
55
39
13
-8
-31
-49
-52
-49
-34
-16
2
13
18
15
-3
-19
-33
-46
-51
-50
-38
-17
7
34
50
59
63
50
33
9
-25
-54
-68
-77
-66
-49
-33
-12
-2
2
4
6
-1
-7
-15
-17
-17
-12
-1
8
16
25
22
12
0
-19
-43
-58
-62
-57
-45
-27
-3
15
29
41
43
35
20
1
-20
-37
-51
-55
-55
-37
-13
11
29
34
28
13
-9
-27
-42
-52
-57
-51
-41
-28
-12
5
26
38
42
40
33
14
-7
-22
-31
-34
-28
-20
-17
-21
-34
-48
-54
-52
-42
-26
-3
21
33
43
59
69
70
65
49
15
-27
-70
-105
-127
-131
-113
-80
-43
-5
31
51
71
85
78
67
52
26
-4
