1.000E+3	-2.332E-3	4.747E-1	1.035E-1
1.500E+3	-6.700E-3	7.043E-1	1.653E-1
2.000E+3	5.780E-3	9.304E-1	2.197E-1
2.500E+3	-3.790E-3	1.152E+0	2.752E-1
3.000E+3	-5.860E-3	1.363E+0	3.369E-1
3.500E+3	-6.645E-3	1.562E+0	3.794E-1
4.000E+3	-3.100E-4	1.752E+0	4.321E-1
4.500E+3	-1.907E-3	1.928E+0	4.766E-1
5.000E+3	1.114E-2	2.109E+0	5.453E-1
5.500E+3	-4.092E-3	2.271E+0	5.764E-1
6.000E+3	-3.840E-3	2.428E+0	6.274E-1
6.500E+3	-8.158E-3	2.568E+0	6.729E-1
7.000E+3	3.151E-3	2.695E+0	7.189E-1
7.500E+3	9.750E-4	2.814E+0	7.571E-1
8.000E+3	-3.960E-3	2.925E+0	7.954E-1
8.500E+3	3.443E-3	3.034E+0	8.315E-1
9.000E+3	-3.003E-3	3.133E+0	8.787E-1
9.500E+3	2.850E-3	3.229E+0	9.060E-1
1.000E+4	1.370E-2	3.329E+0	9.345E-1
1.050E+4	3.088E-3	3.422E+0	9.512E-1
1.100E+4	6.403E-3	3.519E+0	9.940E-1
1.150E+4	9.172E-3	3.622E+0	1.002E+0
1.200E+4	3.490E-2	3.693E+0	1.037E+0
1.250E+4	3.583E-2	3.753E+0	1.048E+0
1.300E+4	5.533E-2	3.793E+0	1.068E+0
1.350E+4	6.515E-2	3.819E+0	1.105E+0
1.400E+4	7.382E-2	3.856E+0	1.132E+0
1.450E+4	9.540E-2	3.891E+0	1.161E+0
1.500E+4	1.109E-1	3.949E+0	1.187E+0
1.550E+4	1.345E-1	3.980E+0	1.205E+0
1.600E+4	1.153E-1	4.004E+0	1.221E+0
1.650E+4	1.389E-1	4.022E+0	1.242E+0
1.700E+4	1.312E-1	4.038E+0	1.262E+0
1.750E+4	1.131E-1	4.037E+0	1.279E+0
1.800E+4	1.139E-1	4.039E+0	1.315E+0
1.850E+4	1.264E-1	4.037E+0	1.330E+0
1.900E+4	1.219E-1	4.020E+0	1.367E+0
1.950E+4	1.407E-1	4.010E+0	1.383E+0
2.000E+4	1.398E-1	4.004E+0	1.406E+0
2.050E+4	1.206E-1	3.998E+0	1.435E+0
2.100E+4	1.142E-1	3.979E+0	1.450E+0
2.150E+4	1.090E-1	3.960E+0	1.467E+0
2.200E+4	1.340E-1	3.943E+0	1.506E+0
2.250E+4	1.048E-1	3.935E+0	1.519E+0
2.300E+4	1.075E-1	3.924E+0	1.540E+0
2.350E+4	1.017E-1	3.910E+0	1.563E+0
2.400E+4	9.465E-2	3.905E+0	1.579E+0
2.450E+4	1.077E-1	3.905E+0	1.589E+0
2.500E+4	9.892E-2	3.901E+0	1.605E+0
2.550E+4	1.028E-1	3.894E+0	1.622E+0
2.600E+4	8.678E-2	3.894E+0	1.628E+0
2.650E+4	9.383E-2	3.882E+0	1.657E+0
2.700E+4	6.847E-2	3.879E+0	1.651E+0
2.750E+4	1.066E-1	3.877E+0	1.664E+0
2.800E+4	1.049E-1	3.869E+0	1.679E+0
2.850E+4	6.255E-2	3.864E+0	1.694E+0
2.900E+4	6.241E-2	3.853E+0	1.730E+0
2.950E+4	8.260E-2	3.848E+0	1.741E+0
3.000E+4	6.140E-2	3.838E+0	1.744E+0
3.050E+4	6.041E-2	3.829E+0	1.760E+0
3.100E+4	5.409E-2	3.824E+0	1.776E+0
3.150E+4	5.559E-2	3.816E+0	1.785E+0
3.200E+4	4.141E-2	3.811E+0	1.793E+0
3.250E+4	5.402E-2	3.803E+0	1.803E+0
3.300E+4	6.018E-2	3.797E+0	1.822E+0
3.350E+4	5.049E-2	3.795E+0	1.833E+0
3.400E+4	2.000E-2	3.785E+0	1.836E+0
3.450E+4	5.664E-2	3.781E+0	1.853E+0
3.500E+4	4.327E-2	3.776E+0	1.852E+0
3.550E+4	4.663E-2	3.770E+0	1.868E+0
3.600E+4	2.274E-2	3.764E+0	1.886E+0
3.650E+4	3.713E-2	3.757E+0	1.884E+0
3.700E+4	3.946E-2	3.750E+0	1.897E+0
3.750E+4	3.705E-2	3.750E+0	1.895E+0
3.800E+4	4.066E-2	3.742E+0	1.905E+0
3.850E+4	3.866E-2	3.734E+0	1.922E+0
3.900E+4	3.594E-2	3.728E+0	1.930E+0
3.950E+4	3.518E-2	3.722E+0	1.935E+0
4.000E+4	3.512E-2	3.716E+0	1.947E+0
4.050E+4	4.109E-2	3.710E+0	1.946E+0
4.100E+4	4.996E-2	3.701E+0	1.959E+0
4.150E+4	5.183E-2	3.695E+0	1.978E+0
4.200E+4	7.256E-2	3.686E+0	1.976E+0
4.250E+4	5.269E-2	3.683E+0	1.981E+0
4.300E+4	5.127E-2	3.675E+0	1.987E+0
4.350E+4	4.739E-2	3.671E+0	2.009E+0
4.400E+4	3.996E-2	3.660E+0	2.010E+0
4.450E+4	4.538E-2	3.645E+0	2.026E+0
4.500E+4	4.612E-2	3.638E+0	2.028E+0
4.550E+4	4.391E-2	3.627E+0	2.034E+0
4.600E+4	4.414E-2	3.616E+0	2.037E+0
4.650E+4	5.721E-3	3.607E+0	2.044E+0
4.700E+4	2.334E-2	3.594E+0	2.053E+0
4.750E+4	2.233E-3	3.582E+0	2.067E+0
4.800E+4	1.261E-2	3.571E+0	2.076E+0
4.850E+4	2.584E-2	3.559E+0	2.082E+0
4.900E+4	2.345E-2	3.545E+0	2.081E+0
4.950E+4	7.564E-3	3.527E+0	2.090E+0
5.000E+4	1.984E-2	3.516E+0	2.101E+0
5.050E+4	4.141E-2	3.501E+0	2.106E+0
5.100E+4	2.163E-2	3.486E+0	2.112E+0
5.150E+4	5.471E-2	3.477E+0	2.122E+0
5.200E+4	3.277E-2	3.463E+0	2.133E+0
5.250E+4	7.773E-3	3.449E+0	2.129E+0
5.300E+4	-6.490E-3	3.435E+0	2.142E+0
5.350E+4	-4.449E-3	3.425E+0	2.164E+0
5.400E+4	1.279E-2	3.408E+0	2.152E+0
5.450E+4	-1.320E-2	3.393E+0	2.171E+0
5.500E+4	7.305E-3	3.377E+0	2.169E+0
5.550E+4	-1.014E-2	3.364E+0	2.171E+0
5.600E+4	7.973E-3	3.343E+0	2.185E+0
5.650E+4	2.488E-2	3.325E+0	2.191E+0
5.700E+4	1.373E-2	3.309E+0	2.208E+0
5.750E+4	1.251E-2	3.296E+0	2.206E+0
5.800E+4	1.731E-2	3.283E+0	2.211E+0
5.850E+4	1.207E-2	3.269E+0	2.228E+0
5.900E+4	-3.068E-3	3.256E+0	2.215E+0
5.950E+4	-1.865E-2	3.241E+0	2.227E+0
6.000E+4	-2.368E-2	3.228E+0	2.248E+0
6.050E+4	-1.702E-2	3.216E+0	2.254E+0
6.100E+4	1.191E-2	3.205E+0	2.253E+0
6.150E+4	5.738E-3	3.191E+0	2.259E+0
6.200E+4	8.388E-3	3.179E+0	2.270E+0
6.250E+4	1.512E-2	3.166E+0	2.278E+0
6.300E+4	2.105E-2	3.151E+0	2.289E+0
6.350E+4	2.119E-2	3.139E+0	2.288E+0
6.400E+4	4.384E-2	3.135E+0	2.294E+0
6.450E+4	2.323E-2	3.122E+0	2.289E+0
6.500E+4	-3.315E-3	3.108E+0	2.294E+0
6.550E+4	1.803E-2	3.098E+0	2.316E+0
6.600E+4	9.197E-3	3.085E+0	2.314E+0
6.650E+4	-2.395E-3	3.075E+0	2.311E+0
6.700E+4	-2.138E-2	3.067E+0	2.326E+0
6.750E+4	2.835E-3	3.055E+0	2.326E+0
6.800E+4	1.492E-2	3.046E+0	2.322E+0
6.850E+4	1.721E-2	3.037E+0	2.335E+0
6.900E+4	2.161E-3	3.027E+0	2.344E+0
6.950E+4	2.039E-3	3.020E+0	2.347E+0
7.000E+4	-7.935E-4	3.009E+0	2.343E+0
7.050E+4	9.683E-3	3.001E+0	2.357E+0
7.100E+4	-1.262E-2	2.993E+0	2.354E+0
7.150E+4	-2.327E-2	2.992E+0	2.362E+0
7.200E+4	-3.818E-3	2.987E+0	2.371E+0
7.250E+4	9.130E-3	2.980E+0	2.373E+0
7.300E+4	-1.937E-2	2.980E+0	2.373E+0
7.350E+4	-6.471E-3	2.974E+0	2.379E+0
7.400E+4	1.475E-2	2.961E+0	2.378E+0
7.450E+4	8.348E-3	2.959E+0	2.388E+0
7.500E+4	6.000E-4	2.952E+0	2.384E+0
7.550E+4	1.016E-2	2.942E+0	2.385E+0
7.600E+4	1.328E-2	2.936E+0	2.398E+0
7.650E+4	1.306E-2	2.930E+0	2.395E+0
7.700E+4	-1.107E-2	2.924E+0	2.402E+0
7.750E+4	2.222E-3	2.919E+0	2.413E+0
7.800E+4	-4.889E-3	2.916E+0	2.403E+0
7.850E+4	-8.086E-3	2.936E+0	2.397E+0
7.900E+4	7.147E-3	2.937E+0	2.409E+0
7.950E+4	6.521E-3	2.943E+0	2.408E+0
8.000E+4	7.680E-3	2.951E+0	2.410E+0
