1.000E+3	-6.340E-4	1.596E-1	1.410E+0
1.500E+3	-1.736E-3	1.595E-1	1.613E+0
2.000E+3	-1.398E-3	1.592E-1	1.753E+0
2.500E+3	-2.440E-4	1.580E-1	1.869E+0
3.000E+3	-1.278E-3	1.563E-1	1.992E+0
3.500E+3	-7.468E-4	1.538E-1	2.083E+0
4.000E+3	1.252E-3	1.515E-1	2.184E+0
4.500E+3	-4.004E-4	1.487E-1	2.287E+0
5.000E+3	7.560E-4	1.458E-1	2.372E+0
5.500E+3	-2.882E-4	1.427E-1	2.451E+0
6.000E+3	-3.480E-4	1.438E-1	2.539E+0
6.500E+3	9.751E-5	1.404E-1	2.633E+0
7.000E+3	-4.008E-4	1.368E-1	2.712E+0
7.500E+3	-4.237E-4	1.333E-1	2.798E+0
8.000E+3	-6.260E-4	1.298E-1	2.861E+0
8.500E+3	2.657E-4	1.260E-1	2.946E+0
9.000E+3	-1.856E-5	1.223E-1	3.006E+0
9.500E+3	-3.931E-4	1.187E-1	3.090E+0
1.000E+4	7.100E-5	1.151E-1	-3.125E+0
1.050E+4	1.324E-4	1.116E-1	-3.053E+0
1.100E+4	1.205E-4	1.079E-1	-2.990E+0
1.150E+4	-4.943E-5	1.044E-1	-2.923E+0
1.200E+4	-2.230E-4	1.009E-1	-2.867E+0
1.250E+4	-6.333E-4	9.763E-2	-2.796E+0
1.300E+4	4.767E-5	9.439E-2	-2.724E+0
1.350E+4	3.813E-4	9.116E-2	-2.649E+0
1.400E+4	3.290E-4	8.808E-2	-2.621E+0
1.450E+4	4.141E-6	8.500E-2	-2.534E+0
1.500E+4	3.020E-4	8.214E-2	-2.474E+0
1.550E+4	-2.128E-4	7.941E-2	-2.416E+0
1.600E+4	-4.733E-4	7.666E-2	-2.361E+0
1.650E+4	-2.871E-4	7.405E-2	-2.305E+0
1.700E+4	1.145E-4	7.155E-2	-2.250E+0
1.750E+4	-3.209E-4	6.910E-2	-2.194E+0
1.800E+4	3.601E-6	6.678E-2	-2.149E+0
1.850E+4	8.527E-4	6.457E-2	-2.094E+0
1.900E+4	-3.365E-4	6.238E-2	-2.044E+0
1.950E+4	-3.010E-4	6.031E-2	-1.997E+0
2.000E+4	-2.690E-4	5.817E-2	-1.944E+0
2.050E+4	2.008E-4	5.626E-2	-1.910E+0
2.100E+4	-1.691E-4	5.439E-2	-1.859E+0
2.150E+4	-3.602E-4	5.263E-2	-1.808E+0
2.200E+4	-6.491E-4	5.090E-2	-1.776E+0
2.250E+4	2.115E-4	4.922E-2	-1.726E+0
2.300E+4	1.471E-4	4.757E-2	-1.676E+0
2.350E+4	4.700E-5	4.603E-2	-1.631E+0
2.400E+4	-3.361E-5	4.449E-2	-1.594E+0
2.450E+4	-3.039E-4	4.307E-2	-1.561E+0
2.500E+4	3.360E-4	4.166E-2	-1.497E+0
2.550E+4	-3.143E-4	4.035E-2	-1.464E+0
2.600E+4	-4.044E-4	3.921E-2	-1.427E+0
2.650E+4	5.408E-5	3.800E-2	-1.396E+0
2.700E+4	-3.056E-4	3.685E-2	-1.343E+0
2.750E+4	1.320E-5	3.572E-2	-1.310E+0
2.800E+4	6.159E-5	3.466E-2	-1.267E+0
2.850E+4	1.083E-5	3.361E-2	-1.239E+0
2.900E+4	4.316E-4	3.265E-2	-1.194E+0
2.950E+4	3.191E-4	3.160E-2	-1.171E+0
3.000E+4	-7.240E-5	3.057E-2	-1.122E+0
3.050E+4	2.110E-4	2.969E-2	-1.082E+0
3.100E+4	4.132E-7	2.887E-2	-1.052E+0
3.150E+4	-1.550E-4	2.804E-2	-1.012E+0
3.200E+4	4.350E-5	2.721E-2	-9.760E-1
3.250E+4	6.436E-5	2.643E-2	-9.456E-1
3.300E+4	-2.020E-4	2.570E-2	-9.073E-1
3.350E+4	6.250E-6	2.502E-2	-8.778E-1
3.400E+4	-8.481E-5	2.426E-2	-8.447E-1
3.450E+4	-3.324E-4	2.363E-2	-8.145E-1
3.500E+4	5.181E-5	2.294E-2	-7.812E-1
3.550E+4	-1.101E-4	2.233E-2	-7.440E-1
3.600E+4	-3.995E-4	2.171E-2	-7.211E-1
3.650E+4	1.270E-4	2.113E-2	-6.994E-1
3.700E+4	-2.560E-4	2.055E-2	-6.680E-1
3.750E+4	-2.270E-4	2.009E-2	-6.320E-1
3.800E+4	-3.726E-5	1.954E-2	-6.105E-1
3.850E+4	-2.362E-5	1.906E-2	-5.863E-1
3.900E+4	1.009E-4	1.853E-2	-5.544E-1
3.950E+4	-2.349E-5	1.801E-2	-5.270E-1
4.000E+4	8.280E-5	1.760E-2	-4.947E-1
4.050E+4	1.648E-4	1.710E-2	-4.670E-1
4.100E+4	1.361E-4	1.664E-2	-4.528E-1
4.150E+4	1.531E-4	1.621E-2	-4.218E-1
4.200E+4	3.782E-5	1.579E-2	-3.915E-1
4.250E+4	-1.571E-4	1.543E-2	-3.670E-1
4.300E+4	-1.019E-4	1.508E-2	-3.432E-1
4.350E+4	-1.035E-4	1.473E-2	-3.192E-1
4.400E+4	9.505E-5	1.437E-2	-3.018E-1
4.450E+4	2.069E-4	1.403E-2	-2.850E-1
4.500E+4	2.790E-4	1.368E-2	-2.506E-1
4.550E+4	4.323E-6	1.333E-2	-2.239E-1
4.600E+4	4.690E-5	1.296E-2	-2.045E-1
4.650E+4	-1.493E-4	1.271E-2	-1.760E-1
4.700E+4	-2.860E-4	1.235E-2	-1.567E-1
4.750E+4	-1.948E-5	1.209E-2	-1.423E-1
4.800E+4	1.431E-4	1.178E-2	-1.282E-1
4.850E+4	-9.042E-5	1.150E-2	-1.038E-1
4.900E+4	-1.631E-4	1.127E-2	-8.133E-2
4.950E+4	-7.129E-6	1.100E-2	-6.600E-2
5.000E+4	-5.200E-6	1.074E-2	-3.919E-2
5.050E+4	-3.018E-4	1.050E-2	-3.740E-2
5.100E+4	1.359E-4	1.023E-2	-8.306E-3
5.150E+4	-1.957E-5	9.987E-3	1.000E-2
5.200E+4	-2.287E-5	9.748E-3	2.144E-2
5.250E+4	1.361E-4	9.550E-3	3.583E-2
5.300E+4	3.589E-4	9.290E-3	6.395E-2
5.350E+4	1.974E-4	9.034E-3	7.745E-2
5.400E+4	-3.235E-4	8.865E-3	7.014E-2
5.450E+4	1.431E-4	8.635E-3	1.045E-1
5.500E+4	3.534E-4	8.451E-3	1.058E-1
5.550E+4	-4.928E-5	8.233E-3	1.228E-1
5.600E+4	-4.457E-5	7.997E-3	1.404E-1
5.650E+4	5.921E-5	7.791E-3	1.437E-1
5.700E+4	3.986E-4	7.617E-3	1.680E-1
5.750E+4	-2.299E-6	7.417E-3	1.760E-1
5.800E+4	3.712E-5	7.259E-3	1.780E-1
5.850E+4	4.372E-4	7.029E-3	1.983E-1
5.900E+4	1.650E-4	6.967E-3	1.974E-1
5.950E+4	-8.254E-5	6.780E-3	2.026E-1
6.000E+4	-6.020E-5	6.654E-3	2.226E-1
6.050E+4	3.730E-6	6.482E-3	2.332E-1
6.100E+4	1.324E-4	6.334E-3	2.403E-1
6.150E+4	-3.023E-5	6.179E-3	2.425E-1
6.200E+4	1.624E-4	6.030E-3	2.494E-1
6.250E+4	-9.490E-5	5.860E-3	2.576E-1
6.300E+4	-1.481E-5	5.748E-3	2.521E-1
6.350E+4	1.219E-4	5.568E-3	2.658E-1
6.400E+4	3.657E-5	5.473E-3	2.653E-1
6.450E+4	1.097E-5	5.323E-3	2.682E-1
6.500E+4	-1.159E-4	5.288E-3	2.719E-1
6.550E+4	-8.624E-5	5.107E-3	2.574E-1
6.600E+4	-1.938E-4	5.005E-3	2.612E-1
6.650E+4	-3.492E-5	4.914E-3	2.631E-1
6.700E+4	-3.214E-4	4.792E-3	2.555E-1
6.750E+4	-2.250E-4	4.635E-3	2.559E-1
6.800E+4	1.247E-6	4.585E-3	2.547E-1
6.850E+4	4.212E-5	4.461E-3	2.510E-1
6.900E+4	-3.908E-6	4.357E-3	2.571E-1
6.950E+4	-1.700E-4	4.266E-3	2.279E-1
7.000E+4	1.984E-6	4.216E-3	2.520E-1
7.050E+4	-3.062E-4	4.091E-3	2.194E-1
7.100E+4	-2.524E-4	4.011E-3	2.190E-1
7.150E+4	7.175E-5	3.973E-3	2.196E-1
7.200E+4	3.796E-4	3.851E-3	2.156E-1
7.250E+4	3.489E-4	3.799E-3	1.925E-1
7.300E+4	-2.920E-5	3.735E-3	1.687E-1
7.350E+4	-4.841E-5	3.722E-3	1.482E-1
7.400E+4	1.482E-4	3.621E-3	1.559E-1
7.450E+4	1.230E-5	3.582E-3	1.227E-1
7.500E+4	4.337E-5	3.479E-3	1.261E-1
7.550E+4	1.719E-4	3.443E-3	9.825E-2
7.600E+4	-2.071E-4	3.420E-3	9.782E-2
7.650E+4	-2.353E-4	3.350E-3	6.963E-2
7.700E+4	-7.638E-5	3.374E-3	4.218E-2
7.750E+4	-1.713E-4	3.313E-3	5.564E-2
7.800E+4	-1.632E-5	3.247E-3	2.437E-2
7.850E+4	4.902E-5	3.260E-3	2.013E-3
7.900E+4	-2.653E-4	3.245E-3	-2.106E-2
7.950E+4	-1.678E-4	3.230E-3	-5.495E-2
8.000E+4	-1.861E-4	3.196E-3	-6.579E-2
