# 2019-09-17 11:36:59.072198
# resolution = 4
# velocity = 3
# LP filter = 5
# HP filter = 2
# gain = 1

# direction: 0
-48
-38
-23
-14
-3
5
12
19
23
22
17
8
5
-4
-4
-15
-22
-27
-29
-28
-27
-24
-23
-19
-16
-14
-10
-6
-6
4
10
12
2
1
-2
-2
-4
-5
-6
-9
-19
-31
-36
-34
-28
-22
-26
-20
-13
-10
-6
7
8
9
11
17
17
7
0
-12
-17
-16
-25
-29
-26
-24
-25
-32
-28
-18
-10
4
11
10
7
7
6
1
1
4
2
-7
-11
-17
-31
-37
-38
-29
-23
-18
-19
-20
-17
-8
1
9
22
21
21
17
10
1
-10
-21
-29
-33
-39
-42
-40
-31
-21
-18
-16
3
13
21
22
21
16
15
6
-3
-10
-23
-38
-41
-45
-45
-37
-25
-19
-13
-2
11
14
19
24
21
13
2
-4
-18
-30
-37
-40
-37
-35
-28
-24
-12
-5
8
14
13
14
21
20
9
-3
-6
-22
-29
-36
-34
-30
-27
-28
-24
-16
-10
-4
6
15
14
11
6
8
4
-1
-11
-16
-21
-32
-35
-35
-37
-31
-21
-14
-8
-6
0
5
10
13
12
8
2
-3
-5
-14
-24
-28
-28
-31
-32
-28
-22
-14
-16
-12
1
9
12
22
17
16
12
0
-12
-17
-24
-31
-42
-42
-37
-29
-25
-16
-7
-3
5
18
20
23
20
10
1
-4
-14
-21
-31
-38
-36
-39
-33
-27
-17
-6
1
4
9
13
23
21
16
2
-4
-11
-19
-31
-43
-42
-38
-30
-25
-19
-13
-5
1
11
24
24
19
20
14
-2
-16
-25
-34
-46
-46
-44
-39
-34
-20
-10
4
15
19
22
24
19
14
5
-2
-7
-14
-26
-29
-38
-45
-48
-40
-29
-16
-2
7
13
15
14
12
12
9
6
3
-9
-19
-30
-36
-39
-35
-24
-13
-5
-1
-1
-1
-4
1
2
0
-4
-14
-20
-28
-28
-22
-16
-4
2
10
12
7
2
0
-6
-10
-20
-24
-29
-35
-37
-32
-31
-22
-11
4
15
22
28
31
30
25
17
6
-12
-32
-50
-65
-70
-70
-64
-47
-36
-14
8
29
47
52
56
55
46
24
2
-22
-44
-62
-72
-76
-73
-66
-55
-34
-8
8
26
45
52
54
48
37
18
3
-12
-26
-41
-53
-59
-60
-55
-49
-36
-12
-4
6
13
17
16
13
6
5
6
8
1
1
-7
-13
-12
-19
-21
-25
-23
-25
-31
-34
-39
-32
-25
-15
-9
5
17
31
36
34
33
29
20
8
-13
-29
-49
-60
-68
-73
-66
-46
-31
-14
2
17
27
38
44
44
39
30
13
-11
-31
-46
-55
-58
-64
-55
-42
-27
-10
3
11
15
23
29
27
24
16
2
-11
-21
-28
-27
-29
-29
-26
-25
-22
-16
-13
-7
-1
-2
2
3
-3
-9
-12
-12
-8
-6
-6
-14
-14
-5
-4
-13
-12
-9
-14
-8
-12
-10
-12
-17
-14
-16
-15
-11
-12
-9
-8
-8
-10
-9
-4
-2
1
2
1
-1
-3
-7
-10
-17
-21
-20
-19
-28
-34
-33
-28
-16
-3
4
14
20
17
16
13
9
-1
-10
-18
-26
-34
-38
-46
-47
-39
-21
-10
7
11
14
15
20
17
11
3
1
-10
-22
-33
-41
-38
-31
-29
-20
-7
3
8
9
18
19
14
5
-6
-24
-30
-34
-39
-43
-38
-30
-17
-4
5
15
33
30
28
20
1
-10
-24
-32
-47
-57
-58
-52
-39
-27
-16
8
27
35
43
45
43
42
17
-2
-17
-33
-50
-59
-73
-72
-64
-49
-35
-12
15
40
49
53
46
40
34
18
-3
-23
-43
-61
-63
-72
-74
-67
-51
-35
-11
12
25
38
48
47
43
40
25
2
-19
-33
-41
-53
-52
-50
-45
-37
-31
-24
-9
4
16
33
45
41
27
11
-7
-21
-31
-39
-43
-38
-33
-30
-32
-24
-10
1
18
23
19
12
13
2
-10
-24
-31
-30
-32
-33
-30
-27
-22
-9
5
19
22
26
16
6
1
-6
-14
-26
-31
-31
-36
-41
-34
-23
-13
-3
3
20
24
22
20
14
7
-1
-16
-29
-35
-37
-42
-48
-44
-35
-30
-13
3
19
27
28
22
18
17
6
-1
-16
-29
-31
-40
-54
-48
-40
-35
-19
-5
5
17
29
38
36
30
16
9
-1
-19
-38
-49
-61
-64
-55
-46
-36
-18
1
13
24
29
35
44
43
30
19
5
-22
-46
-60
-71
-74
-69
-56
-39
-20
-9
6
25
43
49
54
56
47
31
5
-22
-40
-54
-67
-75
-73
-65
-52
-39
-14
11
34
47
53
54
49
39
26
4
-13
-29
-46
-64
-76
-81
-71
-58
-42
-21
-2
19
35
45
47
43
35
26
16
0
-20
-38
-54
-59
-55
-49
-39
-27
-15
-13
-4
8
22
27
29
31
20
4
-9
-22
-28
-34
-36
-34
-31
-31
-28
-22
-10
-1
10
12
15
13
9
-3
-10
-15
-12
-13
-20
-20
-16
-19
-15
-11
-8
1
9
5
-2
-12
-17
-21
-21
-19
-19
-22
-24
-17
-11
-8
1
3
6
10
10
4
-9
-17
-15
-15
-22
-27
-32
-33
-27
-30
-20
-7
5
8
19
21
17
16
14
0
-11
-18
-24
-30
-37
-36
-35
-41
-35
-17
-5
1
9
17
16
13
11
9
9
0
-3
-13
-26
-36
-39
-39
-29
-24
-20
-16
-8
-6
-7
-2
11
21
24
26
18
8
-1
-18
-29
-37
-41
-38
-42
-41
-31
-22
-22
-15
-3
12
24
27
26
23
14
2
-1
-9
-16
-25
-34
-41
-42
-45
-36
-29
-16
-5
8
13
11
15
22
26
23
12
0
-15
-28
-40
-44
-42
-42
-38
-25
-18
-7
-1
6
10
14
19
18
11
0
-11
-17
-23
-30
-30
-24
-18
-15
-12
-13
-15
-10
-4
4
6
7
3
-2
-9
-18
-22
-20
-13
-6
-15
-14
-8
-10
-12
-8
-3
4
2
-4
-15
-20
-23
-31
-28
-22
-12
-3
-6
-6
-4
0
5
6
9
2
-3
-8
-22
-28
-30
-26
-23
-16
-14
-11
-9
-9
-5
6
13
10
7
1
-6
-18
-22
-18
-18
-20
-22
-16
-18
-18
-15
-14
-10
-1
2
4
-1
-5
-6
-6
-7
-13
-15
-8
-7
-11
-12
-10
-9
-9
-18
-16
-15
-11
-13
-21
-20
-14
-11
-4
-5
1
0
2
4
8
10
3
-5
-10
-21
-25
-35
-39
-33
-30
-30
-22
-15
-1
10
13
20
26
28
25
16
1
-16
-26
-37
-47
-53
-54
-49
-43
-35
-18
1
13
25
33
32
35
33
26
12
-2
-18
-39
-52
-54
-54
-53
-42
-32
-16
-2
8
17
22
28
33
30
22
6
-13
-27
-35
-38
-43
-41
-37
-31
-23
-20
-14
-5
11
21
21
19
14
2
-8
-16
-19
-23
-27
-25
-21
-21
-26
-16
-4
0
3
8
10
8
-2
-13
-21
-21
-21
-20
-20
-22
-21
-21
-17
-11
-2
7
14
21
9
-1
-11
-18
-24
-23
-22
-24
-23
-22
-21
-20
-10
7
11
14
15
13
5
-2
-11
-17
-21
-28
-30
-26
-24
-30
-26
-11
-2
5
11
12
9
2
0
-10
-20
-20
-19
-22
-24
-26
-23
-18
-10
0
10
22
25
15
-1
-11
-20
-26
-34
-36
-34
-30
-35
-23
-14
-4
5
16
26
26
25
21
9
-7
-22
-27
-37
-46
-46
-41
-36
-32
-20
-8
5
15
26
30
25
20
13
2
-12
-20
-29
-31
-36
-38
-38
-32
-23
-17
-11
-1
4
12
7
12
6
0
-5
-11
-14
-13
-17
-18
-21
-22
-17
-11
-11
1
5
0
-8
-17
-24
-31
-28
-17
-5
-1
1
0
0
4
6
14
13
11
4
-12
-27
-39
-41
-40
-31
-23
-18
-10
-12
-9
0
2
10
18
22
14
3
-6
-11
-23
-29
-33
-32
-26
-19
-20
-29
-25
-19
-8
4
5
6
9
9
7
0
-4
-6
-5
-4
-6
-9
-20
-30
-30
-28
-22
-18
-13
-12
-14
-14
-13
-2
11
15
22
23
15
2
-12
-24
-32
-37
-34
-32
-38
-38
-34
-26
-7
10
24
34
36
29
17
6
-7
-12
-22
-36
-45
-46
-49
-47
-38
-20
0
19
30
34
25
25
18
2
-10
-20
-32
-41
-52
-54
-55
-51
-33
-8
11
25
36
41
41
32
18
9
-3
-19
-36
-55
-64
-72
-66
-50
-30
-7
12
24
38
41
38
36
30
22
1
-16
-35
-50
-63
-60
-54
-47
-34
-18
-1
13
24
27
31
27
22
20
9
-5
-24
-41
-48
-51
-48
-40
-30
-20
-12
2
9
14
24
25
24
17
-9
-17
-21
-32
-35
-35
-36
-37
-28
-17
0
12
18
25
25
22
15
-8
-22
-32
-39
-47
-51
-40
-38
-29
-19
0
19
27
36
33
30
21
11
-2
-18
-41
-50
-56
-64
-61
-60
-41
-20
-2
26
48
57
58
49
48
31
14
-10
-36
-64
-77
-92
-94
-93
-72
-47
-14
17
46
69
82
87
84
67
38
11
-24
-57
-86
-106
-110
-106
-97
-74
-42
-12
12
40
64
86
96
92
74
50
17
-16
-50
-78
-95
-106
-108
-98
-80
-54
-22
12
42
66
82
85
65
50
32
13
-14
-37
-56
-70
-77
-82
-71
-54
-31
-6
11
24
28
32
33
26
18
13
1
-11
-23
-29
-31
-29
-24
-17
-8
-5
-6
-8
-12
-19
-22
-22
-20
-18
-16
-12
-6
2
8
16
20
19
6
1
-5
-17
-25
-30
-41
-47
-50
-49
-39
-27
-15
4
19
29
38
37
31
22
16
2
-14
-31
-40
-44
-46
-43
-45
-33
-15
-8
-6
4
6
8
7
12
7
4
-2
-6
-9
-15
-12
-10
-8
-8
-14
-19
-20
-25
-28
-23
-20
-23
-20
-13
-10
-5
6
12
21
24
18
9
2
-6
-20
-27
-30
-36
-40
-48
-44
-32
-21
-7
6
23
28
27
24
21
8
0
-10
-17
-26
-39
-55
-56
-55
-41
-25
-6
12
21
28
29
25
21
13
10
-3
-17
-35
-49
-53
-52
-44
-31
-18
-2
8
15
21
19
20
15
14
9
-2
-15
-33
-41
-41
-44
-39
-35
-27
-15
-7
-7
2
15
24
24
24
18
10
-2
-13
-22
-32
-32
-35
-36
-37
-37
-27
-14
-3
2
3
17
23
16
11
4
-3
-5
-9
-16
-25
-32
-36
-32
-28
-21
-10
-4
-6
-2
4
6
6
5
0
1
1
-7
-12
-21
-30
-25
-24
-16
-12
-8
-11
-14
-7
-2
-1
0
0
-4
-9
-16
-25
-31
-25
-14
-11
-10
-8
-3
0
2
5
4
6
6
4
-11
-23
-23
-34
-36
-28
-20
-14
-16
-14
-9
-6
3
11
19
13
12
7
3
-7
-15
-26
-27
-27
-34
-41
-38
-36
-27
-15
-4
2
7
20
25
22
22
19
7
-7
-15
-27
-34
-37
-40
-39
-38
-29
-17
-10
-1
8
11
13
20
18
12
6
1
-7
-14
-27
-40
-38
-37
-35
-19
-8
-2
3
3
3
4
-1
-5
-9
-15
-20
-21
-24
-25
-23
-15
-9
-2
8
14
27
27
13
4
-7
-20
-36
-46
-53
-51
-46
-43
-33
-17
-3
10
29
40
49
45
38
31
17
-5
-33
-46
-66
-76
-81
-77
-68
-51
-29
1
31
53
66
70
66
58
37
21
0
-26
-48
-70
-91
-102
-98
-88
-55
-30
-5
20
37
57
63
60
60
58
46
24
-5
-37
-67
-86
-85
-82
-71
-57
-40
-24
-11
8
31
48
65
69
62
42
19
-5
-30
-44
-56
-60
-62
-68
-67
-62
-50
-24
3
28
46
53
51
42
30
23
7
-6
-19
-28
-42
-53
-66
-68
-59
-44
-30
-11
8
19
21
26
35
41
40
34
23
4
-18
-39
-58
-64
-63
-50
-43
-41
-28
-14
-4
2
20
39
47
46
33
10
-7
-15
-26
-35
-41
-46
-53
-56
-49
-45
-26
-7
7
25
40
43
43
39
27
20
5
-11
-25
-43
-55
-71
-72
-60
-46
-35
-21
-2
13
22
31
40
44
38
28
13
-5
-17
-33
-41
-46
-52
-50
-45
-46
-41
-24
-9
7
20
26
30
37
40
30
10
-2
-5
-15
-25
-38
-48
-55
-50
-46
-42
-30
-20
-9
9
21
23
29
34
36
26
14
3
-10
-22
-35
-40
-39
-41
-42
-41
-42
-35
-25
-10
0
7
14
18
18
19
10
2
3
3
-1
-4
-14
-22
-26
-29
-25
-24
-26
-28
-29
-24
-20
-18
-13
-3
5
13
15
20
23
22
21
17
10
-3
-18
-34
-51
-65
-70
-65
-58
-50
-37
-17
2
23
46
60
67
65
51
37
18
-11
-36
-56
-73
-86
-93
-91
-80
-62
-32
2
28
53
66
79
76
70
59
37
10
-22
-52
-79
-104
-111
-105
-96
-76
-43
-10
21
48
69
84
90
82
67
42
12
-17
-49
-79
-98
-103
-100
-84
-65
-44
-17
10
40
56
70
73
68
55
31
11
-13
-33
-54
-72
-82
-85
-85
-68
-51
-25
6
25
45
59
62
55
45
35
25
0
-27
-48
-67
-77
-78
-75
-71
-53
-16
-1
14
22
43
59
61
52
34
16
-5
-25
-37
-53
-58
-64
-58
-52
-42
-23
-10
14
29
39
44
40
29
19
8
-4
-24
-47
-56
-58
-62
-59
-46
-31
-10
10
31
44
44
40
35
22
8
-16
-36
-51
-63
-67
-63
-52
-33
-16
2
23
34
40
43
43
33
20
-3
-27
-46
-60
-61
-61
-58
-59
-40
-19
3
21
36
45
54
52
43
25
2
-20
-41
-59
-68
-73
-67
-58
-50
-31
-7
16
41
49
55
53
41
23
7
-15
-38
-53
-62
-68
-65
-57
-43
-24
0
20
39
46
44
38
28
14
0
-19
-32
-41
-50
-64
-68
-57
-40
-23
-4
19
36
42
42
38
31
20
7
-5
-25
-43
-62
-68
-63
-57
-47
-30
-12
9
25
31
39
43
43
36
18
-3
-21
-39
-58
-63
-57
-51
-43
-37
-23
-10
7
18
23
29
35
31
28
19
-1
-16
-28
-41
-47
-46
-46
-41
-31
-20
-13
-9
-1
13
20
20
20
15
15
2
-13
-20
-25
-31
-24
-24
-24
-20
-20
-16
-8
-3
0
3
-3
-4
-11
-17
-16
-23
-22
-13
-4
5
3
1
1
3
0
-3
-4
-3
-15
-21
-27
-35
-39
-40
-31
-19
-9
2
4
7
10
14
27
24
20
14
-1
-15
-29
-41
-52
-54
-44
-43
-36
-27
-8
4
13
29
36
40
37
24
8
-8
-28
-40
-47
-45
-48
-48
-42
-25
-14
-2
15
19
27
31
16
15
8
-6
-17
-29
-41
-42
-44
-35
-28
-22
-9
2
8
14
15
18
11
7
1
-13
-30
-33
-31
-35
-34
-31
-20
-11
-2
15
27
31
31
22
17
-2
-25
-36
-45
-55
-59
-53
-44
-32
-23
-1
18
32
40
40
38
30
11
-3
-18
-36
-53
-56
-54
-51
-48
-37
-24
-4
9
16
33
49
50
43
32
19
5
-18
-38
-51
-62
-70
-68
-65
-51
-36
-14
13
33
38
39
45
41
37
29
11
-8
-24
-44
-58
-66
-66
-67
-63
-47
-28
-9
5
15
30
39
43
44
41
33
17
2
-18
-34
-46
-59
-65
-72
-68
-55
-41
-19
5
20
36
48
54
52
43
33
17
-3
-23
-32
-48
-65
-70
-65
-59
-47
-36
-17
4
22
31
37
39
38
34
24
15
-6
-24
-41
-55
-63
-62
-55
-45
-34
-22
-9
4
21
34
40
42
35
26
16
-4
-16
-30
-39
-51
-57
-53
-46
-40
-23
-10
4
11
19
23
23
23
23
12
5
-9
-24
-34
-45
-49
-44
-37
-32
-27
-12
-2
9
19
27
32
33
29
15
0
-16
-30
-38
-44
-42
-49
-53
-47
-30
-21
-4
16
35
41
43
41
26
15
3
-13
-24
-35
-55
-69
-70
-68
-64
-41
-18
-1
13
31
45
55
58
54
43
24
7
-13
-36
-58
-73
-84
-79
-72
-61
-44
-21
-2
21
39
57
63
65
56
42
24
3
-23
-44
-59
-70
-75
-75
-67
-57
-41
-17
-3
14
31
48
48
38
37
35
20
5
-10
-23
-40
-52
-63
-59
-50
-44
-38
-27
-10
-2
0
6
14
20
23
22
16
12
7
-3
-7
-14
-21
-29
-34
-31
-31
-35
-29
-20
-19
-11
-6
-5
1
2
4
6
8
10
7
1
0
-6
-14
-13
-15
-16
-21
-21
-24
-32
-28
-23
-27
-24
-26
-19
-4
6
16
26
29
25
27
23
17
2
-21
-29
-36
-47
-58
-62
-57
-47
-38
-22
-3
19
34
38
43
45
38
30
12
-13
-24
-40
-62
-65
-63
-55
-47
-33
-20
-2
10
20
28
33
30
29
21
6
-11
-25
-36
-48
-52
-37
-28
-21
-14
1
8
18
20
18
17
9
-9
-21
-28
-34
-33
-28
-22
-19
-9
-10
-9
0
6
5
4
4
-2
-11
-14
-16
-21
-21
-15
-9
-9
-12
-13
-12
-12
-11
-9
-11
-10
-8
-6
-13
-11
-9
-7
-3
0
9
12
4
-5
-10
-18
-24
-25
-27
-36
-42
-49
-43
-27
-10
7
21
34
38
43
41
28
16
2
-10
-27
-46
-62
-79
-77
-72
-64
-44
-20
4
28
48
57
57
57
49
43
25
7
-21
-51
-69
-79
-82
-78
-65
-46
-33
-24
-3
18
38
55
67
70
61
43
20
-7
-34
-48
-63
-73
-77
-75
-72
-61
-44
-26
-2
27
44
51
52
45
32
22
11
1
-7
-18
-35
-42
-56
-67
-60
-41
-32
-18
-1
6
9
14
14
16
19
21
20
7
2
-4
-18
-24
-24
-27
-32
-31
-33
-33
-38
-38
-29
-15
0
10
12
14
22
22
26
26
21
12
0
-13
-34
-50
-57
-57
-52
-46
-38
-33
-20
-1
14
30
41
39
38
35
29
9
-13
-26
-40
-55
-65
-71
-59
-47
-27
-4
13
21
29
36
40
36
21
7
-5
-21
-38
-58
-60
-59
-55
-37
-19
-7
9
23
31
36
40
35
24
9
-18
-42
-54
-62
-61
-59
-49
-38
-17
4
21
35
44
45
40
32
17
-4
-29
-47
-59
-64
-67
-60
-45
-30
-13
2
21
32
44
45
34
25
14
-4
-15
-28
-36
-47
-53
-51
-48
-40
-24
-5
9
11
22
23
21
24
19
10
-4
-10
-20
-28
-33
-36
-34
-32
-26
-17
-11
-5
-4
-7
0
4
5
4
2
0
-5
-9
-9
-10
-12
-5
-9
-17
-21
-25
-30
-34
-29
-21
-17
-9
-2
6
12
8
8
8
10
10
5
-7
-21
-32
-36
-38
-40
-32
-17
-13
-4
-3
3
3
9
14
13
8
4
-7
-22
-26
-30
-36
-38
-26
-18
-13
-13
-3
6
12
19
19
15
8
1
-9
-25
-37
-42
-42
-38
-29
-22
-13
-2
6
14
19
25
26
21
9
-9
-26
-38
-45
-49
-48
-40
-23
-8
-4
4
4
8
12
21
23
21
9
-7
-20
-32
-38
-40
-41
-31
-24
-22
-16
-6
1
6
18
25
22
22
16
3
-9
-22
-34
-37
-37
-29
-27
-33
-35
-26
-16
-5
7
17
25
26
21
13
4
-3
-12
-17
-19
-23
-30
-36
-44
-44
-35
-24
-16
-2
-2
4
9
14
20
21
22
24
18
5
-17
-37
-52
-56
-52
-43
-37
-29
-19
-14
-8
4
21
34
38
37
33
23
8
-8
-22
-33
-35
-34
-40
-48
-49
-45
-42
-24
-13
-1
16
26
22
20
16
14
14
6
1
-8
-16
-25
-36
-45
-46
-33
-24
-16
-12
-12
-12
-9
-3
2
8
18
19
18
12
8
-5
-14
-16
-16
-17
-23
-30
-37
-45
-40
-35
-26
-9
4
11
9
13
11
9
12
13
9
6
-9
-19
-30
-37
-41
-32
-22
-21
-19
-17
-16
-14
-7
1
12
20
19
18
17
8
1
-8
-16
-19
-24
-32
-38
-43
-36
-29
-25
-18
-7
-1
3
8
3
6
11
14
9
0
-6
-10
-15
-17
-26
-30
-35
-41
-38
-29
-23
-13
-5
4
21
22
25
18
17
15
9
-1
-15
-27
-38
-49
-49
-45
-37
-21
-8
3
7
9
14
15
16
16
6
1
-8
-21
-34
-41
-37
-39
-34
-23
-18
-16
-9
-1
7
14
19
25
18
9
-1
-15
-26
-30
-35
-36
-39
-35
-29
-18
-4
5
10
17
18
22
20
12
-5
-12
-15
-26
-29
-35
-39
-34
-31
-20
-10
-10
-6
2
6
9
6
5
7
1
-3
-5
-8
-12
-21
-26
-33
-35
-25
-19
-12
-10
-4
3
4
7
12
8
9
2
0
-14
-22
-26
-24
-25
-28
-27
-26
-21
-15
-5
1
10
14
15
16
8
0
-3
-10
-17
-31
-31
-38
-45
-43
-42
-31
-17
-2
15
26
30
34
38
29
21
10
-9
-29
-51
-64
-69
-71
-63
-43
-20
4
22
27
33
37
46
47
33
13
-4
-19
-46
-64
-67
-68
-64
-54
-36
-16
6
17
24
33
46
49
45
31
8
-19
-41
-54
-63
-64
-61
-50
-37
-19
-3
11
25
38
41
44
43
26
2
-22
-47
-60
-63
-60
-50
-35
-28
-17
0
25
41
45
42
32
16
0
-14
-33
-47
-56
-63
-61
-45
-37
-22
-9
4
21
31
41
43
41
29
12
-4
-20
-41
-57
-59
-63
-64
-49
-39
-18
1
20
28
42
44
42
37
23
4
-7
-29
-48
-57
-58
-59
-52
-43
-28
-17
-3
10
23
33
37
24
17
10
3
-10
-12
-15
-25
-27
-31
-39
-42
-38
-29
-19
-11
-6
0
6
15
24
17
15
8
5
-6
-12
-16
-25
-30
-34
-38
-42
-34
-26
-22
-14
-6
-3
10
14
20
16
17
17
13
3
-4
-12
-20
-38
-42
-43
-48
-44
-38
-29
-14
1
17
22
32
33
26
24
17
10
-9
-24
-40
-46
-49
-48
-46
-44
-29
-10
6
14
23
22
27
22
15
6
-4
-12
-19
-32
-42
-46
-37
-36
-29
-19
-9
0
4
15
23
20
20
15
-1
-15
-24
-29
-33
-41
-41
-36
-26
-11
0
11
18
22
20
17
12
3
-9
-26
-35
-39
-44
-43
-35
-31
-25
-14
1
12
19
32
30
31
23
16
4
-10
-28
-48
-58
-62
-65
-55
-46
-33
-16
0
16
31
43
52
59
53
38
19
-6
-32
-54
-68
-77
-78
-69
-61
-51
-32
-11
9
30
51
67
65
54
42
29
9
-9
-28
-42
-57
-74
-82
-86
-77
-63
-42
-15
6
32
50
60
63
60
60
47
28
0
-26
-53
-71
-85
-90
-88
-71
-51
-35
-15
4
23
45
60
67
66
56
35
14
-10
-32
-46
-50
-57
-65
-73
-67
-55
-42
-20
3
25
39
45
47
47
32
15
-2
-16
-26
-38
-53
-66
-64
-51
-36
-15
1
10
15
17
22
19
14
9
0
-14
-24
-32
-32
-29
-27
-18
-10
4
3
7
10
6
0
-2
-1
-3
-16
-28
-37
-42
-36
-32
-22
-13
-6
0
13
20
26
26
25
19
9
-12
-34
-48
-58
-61
-64
-58
-46
-26
-12
13
30
43
48
55
48
35
19
-3
-26
-42
-56
-59
-62
-60
-54
-38
-20
-6
10
21
32
39
40
32
24
13
-4
-21
-33
-44
-47
-47
-47
-45
-36
-25
-11
-1
9
18
23
23
21
21
11
2
-4
-19
-28
-34
-41
-42
-37
-30
-24
-10
-5
-2
0
8
10
9
7
10
6
2
-4
-8
-14
-23
-31
-30
-33
-38
-39
-33
-19
-11
-3
10
21
33
34
24
9
-6
-15
-25
-30
-33
-36
-35
-35
-33
-25
-13
3
18
21
21
16
8
0
-6
-18
-28
-30
-29
-32
-27
-21
-11
-4
7
13
20
18
14
-1
-12
-25
-34
-44
-41
-35
-31
-24
-16
-4
7
18
33
40
41
32
19
-2
-25
-44
-54
-63
-69
-68
-63
-53
-34
-14
9
36
61
73
70
57
42
25
2
-26
-53
-68
-76
-79
-81
-73
-55
-33
-16
6
31
43
49
53
51
45
38
28
10
-16
-38
-55
-63
-73
-74
-72
-65
-48
-26
-10
5
21
38
43
48
56
44
24
12
2
-6
-23
-35
-49
-53
-57
-58
-53
-48
-43
-33
-19
-2
12
26
38
49
54
50
44
29
16
-1
-26
-48
-63
-72
-77
-80
-73
-63
-48
-31
-11
10
36
58
70
73
69
65
46
21
-6
-30
-55
-75
-93
-108
-110
-97
-74
-47
-16
13
44
67
86
94
91
85
71
42
1
-36
-73
-103
-118
-127
-119
-103
-82
-52
-17
24
57
79
103
114
105
80
48
18
-13
-44
-74
-93
-105
-102
-94
-88
-72
-44
-9
26
49
68
83
86
76
53
31
12
-13
-46
-67
-80
-90
-90
-83
-65
-46
-24
4
23
35
46
50
41
38
32
22
7
-10
-24
-40
-44
-53
-53
-48
-42
-35
-25
-22
-13
0
7
9
22
28
31
26
14
7
0
-15
-25
-27
-35
-32
-32
-35
-26
-24
-20
-12
-4
0
3
1
9
6
4
5
6
0
-5
-16
-19
-26
-30
-27
-22
-15
-16
-17
-14
-15
-11
-6
3
4
2
2
0
-3
-11
-8
-7
-9
-3
-4
-10
-10
-9
-9
-14
-21
-28
-23
-24
-20
-19
-17
-10
-7
2
3
6
15
15
9
8
1
-14
-17
-21
-30
-40
-42
-41
-36
-26
-19
-11
-1
12
19
26
28
27
20
11
-2
-15
-31
-39
-49
-55
-47
-39
-33
-23
-8
5
19
33
35
32
29
21
7
-9
-26
-36
-48
-53
-62
-54
-40
-28
-14
5
22
32
36
39
35
21
3
-4
-16
-34
-45
-53
-55
-56
-51
-36
-15
4
17
24
27
30
31
28
24
15
-5
-18
-35
-51
-62
-64
-53
-40
-30
-19
-8
8
19
33
39
41
41
27
11
-11
-26
-45
-51
-55
-52
-55
-53
-44
-31
-16
3
19
31
44
44
41
33
22
6
-8
-18
-36
-46
-49
-57
-65
-60
-44
-32
-10
12
27
37
38
35
29
24
18
7
-7
-24
-42
-54
-52
-51
-46
-38
-26
-14
-2
1
5
10
16
22
24
22
14
2
-12
-21
-25
-33
-31
-29
-33
-31
-29
-27
-26
-14
-2
10
13
14
19
18
18
9
4
-1
-4
-9
-23
-30
-36
-46
-46
-42
-37
-31
-25
-17
0
12
23
34
42
38
27
23
11
-9
-28
-45
-54
-62
-66
-59
-49
-39
-23
-4
20
37
50
51
43
34
18
6
-10
-32
-47
-56
-58
-63
-61
-50
-31
-11
3
20
31
43
47
43
31
18
2
-20
-40
-57
-66
-68
-69
-60
-42
-23
0
30
50
54
56
51
40
24
0
-27
-45
-56
-72
-83
-77
-68
-48
-19
9
38
58
66
58
53
41
24
3
-27
-45
-58
-74
-92
-94
-79
-62
-39
-11
21
46
63
69
68
66
56
37
11
-19
-50
-75
-92
-99
-98
-83
-65
-45
-17
10
32
51
70
78
74
65
48
21
-3
-32
-61
-69
-79
-83
-78
-64
-53
-39
-18
5
19
34
43
45
49
45
35
19
4
-5
-26
-39
-44
-51
-55
-57
-54
-53
-41
-24
-5
12
22
35
37
32
25
20
18
8
3
-6
-19
-33
-45
-48
-52
-49
-41
-35
-29
-27
-16
-2
4
18
32
41
36
31
23
3
-15
-23
-29
-39
-47
-53
-51
-49
-45
-33
-15
7
21
25
23
24
22
18
15
11
9
0
-12
-20
-31
-45
-49
-43
-31
-21
-18
-13
-12
-11
-4
1
12
23
25
17
7
-2
-13
-16
-21
-25
-23
-20
-23
-25
-29
-34
-28
-20
-12
-8
-4
-2
-2
-3
2
12
22
25
22
17
3
-9
-25
-33
-37
-41
-36
-32
-34
-41
-40
-27
-10
1
20
31
33
32
33
24
15
10
0
-13
-20
-37
-53
-67
-67
-65
-59
-43
-30
-9
15
33
39
42
50
52
52
43
24
-2
-31
-58
-78
-94
-91
-74
-54
-36
-19
-5
16
36
47
57
65
59
49
29
-2
-34
-57
-67
-75
-75
-73
-62
-48
-34
-14
2
25
40
57
67
62
49
20
-3
-26
-47
-64
-68
-77
-67
-54
-43
-26
1
27
43
56
58
44
24
5
-18
-33
-45
-51
-51
-52
-49
-38
-23
-5
13
34
40
31
32
17
3
-11
-21
-29
-37
-46
-49
-54
-47
-36
-16
3
25
32
34
29
24
14
3
-9
-20
-34
-47
-52
-53
-51
-35
-19
-2
14
27
37
36
29
17
1
-17
-30
-42
-48
-57
-49
-37
-19
-4
12
27
35
34
31
19
14
-1
-21
-37
-52
-56
-57
-55
-46
-30
-16
-2
18
28
26
31
34
32
28
17
0
-20
-36
-56
-69
-72
-72
-54
-42
-23
-2
17
30
40
48
53
47
34
20
-3
-29
-47
-55
-53
-55
-48
-42
-33
-24
-16
-5
3
12
22
25
26
21
18
5
-4
-14
-15
-18
-18
-26
-38
-42
-44
-38
-29
-21
-11
2
10
12
12
14
13
13
11
6
-4
-15
-23
-28
-28
-28
-25
-21
-12
-12
-14
-18
-22
-14
-8
-7
-5
-5
-7
1
3
3
2
3
1
-4
-9
-15
-17
-14
-16
-21
-15
-9
-15
-27
-30
-30
-31
-20
-17
-12
2
16
24
25
23
24
28
16
6
-2
-21
-41
-58
-65
-65
-51
-37
-26
-8
6
13
21
30
33
33
32
26
3
-13
-26
-40
-42
-37
-40
-44
-42
-40
-33
-25
-15
0
11
22
31
33
24
11
3
0
-10
-20
-30
-39
-46
-48
-46
-32
-14
-4
6
21
24
19
9
9
12
3
-7
-13
-23
-33
-36
-36
-30
-20
-18
-7
-2
-2
-6
-4
0
3
10
18
19
5
-9
-18
-29
-32
-37
-41
-41
-39
-27
-23
-6
4
14
28
34
34
32
21
5
-12
-28
-40
-40
-42
-52
-48
-42
-38
-31
-17
1
14
24
27
33
26
23
27
17
10
1
-19
-36
-48
-61
-65
-65
-53
-41
-28
-15
-5
8
25
37
54
59
53
39
16
-6
-29
-44
-44
-49
-51
-59
-64
-55
-46
-35
-7
13
29
40
39
42
41
31
20
12
-1
-23
-44
-57
-62
-66
-68
-55
-33
-12
6
21
28
29
29
22
16
7
-4
-20
-30
-37
-35
-30
-16
-7
-3
3
10
8
3
-6
-21
-24
-30
-36
-39
-39
-30
-17
-5
9
21
34
38
36
29
20
9
-11
-33
-48
-52
-63
-68
-67
-60
-41
-23
0
19
38
53
64
62
53
34
14
-7
-28
-55
-71
-83
-88
-74
-56
-37
-18
5
27
40
48
54
48
34
18
-1
-18
-28
-39
-48
-51
-48
-46
-33
-28
-17
0
10
8
10
12
13
11
16
10
5
-3
-15
-23
-30
-33
-31
-31
-29
-25
-29
-25
-16
-2
4
13
17
18
14
14
6
-1
-8
-17
-19
-26
-26
-25
-31
-37
-36
-24
-13
-3
-4
-2
0
6
14
18
14
10
2
-11
-22
-32
-38
-37
-37
-31
-24
-10
-8
-4
6
13
24
21
17
7
-3
-17
-22
-28
-24
-22
-26
-22
-20
-17
-16
-13
-7
1
4
0
-5
-3
-4
-7
-4
-12
-17
-13
-13
-20
-20
-20
-13
-6
-4
-4
-2
-4
-7
-7
-11
-7
-6
-9
-15
-19
-23
-22
-4
0
0
8
12
5
0
-8
-20
-25
-25
-25
-21
-24
-25
-21
-12
-2
-2
-2
6
8
1
-1
-9
-16
-16
-22
-30
-25
-18
-14
-9
-3
0
7
8
-1
-4
-5
-7
-14
-19
-18
-21
-20
-18
-19
-18
-11
-11
1
13
13
8
4
7
8
-1
-16
-23
-38
-49
-48
-45
-41
-27
-13
0
11
23
26
34
36
26
19
4
-17
-33
-49
-56
-57
-56
-46
-34
-22
-7
8
16
28
36
38
29
19
7
-7
-19
-29
-33
-37
-35
-35
-35
-37
-27
-13
-1
9
13
15
13
9
11
4
-10
-18
-23
-26
-25
-28
-27
-20
-11
-4
2
4
8
0
-13
-16
-19
-24
-28
-24
-18
-15
-10
-2
7
18
19
21
19
9
-4
-13
-28
-45
-46
-49
-42
-32
-25
-22
-4
11
15
19
29
27
20
14
9
4
-13
-29
-43
-46
-48
-51
-46
-44
-34
-21
-4
11
23
29
43
49
38
22
5
-14
-28
-39
-50
-52
-55
-53
-44
-26
-11
-2
15
23
32
32
23
13
2
-6
-15
-21
-24
-28
-28
-27
-30
-29
-21
-9
-7
-7
-7
0
3
2
-2
-5
-9
-13
-12
-11
-16
-16
-17
-12
-9
-8
-2
10
6
4
-5
-17
-23
-24
-28
-26
-24
-26
-20
-14
-8
7
19
19
18
17
10
-3
-13
-19
-30
-32
-31
-27
-27
-30
-24
-22
-16
-1
8
14
13
8
0
-7
-7
-4
-2
-4
-8
-23
-31
-38
-34
-29
-25
-20
-11
-7
1
8
10
18
21
23
20
1
-9
-21
-34
-39
-35
-33
-24
-15
-14
-14
-8
-7
-1
6
8
11
15
7
-7
-15
-18
-22
-17
-18
-18
-28
-34
-41
-34
-21
-3
13
18
21
19
10
3
-3
-10
-16
-21
-25
-34
-42
-43
-31
-15
-2
12
24
28
24
16
9
-1
-12
-21
-34
-40
-43
-35
-36
-33
-23
-9
4
18
22
23
28
24
16
12
-3
-13
-32
-44
-50
-56
-63
-65
-55
-40
-21
5
35
55
69
73
64
48
28
7
-22
-53
-75
-99
-111
-107
-88
-59
-25
11
48
70
83
87
83
68
51
27
-7
-43
-77
-108
-121
-128
-115
-91
-60
-22
6
42
66
81
96
106
110
88
50
2
-46
-91
-125
-143
-144
-132
-111
-77
-40
11
59
94
125
144
143
118
80
36
-20
-67
-102
-124
-137
-141
-133
-117
-87
-40
10
53
83
109
111
104
95
82
54
17
-20
-53
-92
-120
-136
-138
-122
-98
-67
-27
8
42
68
89
104
109
101
83
52
7
-43
-76
-92
-106
-106
-95
-85
-69
-47
-20
12
36
55
66
67
60
42
32
18
9
-8
-23
-41
-60
-72
-78
-77
-67
-53
-36
-10
4
17
28
39
47
48
45
36
15
-11
-35
-47
-45
-43
-35
-30
-23
-20
-20
-18
-16
-10
-7
-5
-6
-12
-13
-10
2
12
20
26
29
23
15
-2
-22
-32
-38
-41
-41
-49
-52
-56
-53
-41
-18
3
22
28
39
39
42
47
47
37
25
8
-19
-51
-76
-92
-99
-96
-90
-73
-48
-19
15
43
73
94
108
106
83
51
14
-20
-53
-83
-107
-117
-120
-114
-97
-70
-36
-6
35
65
86
98
96
90
81
62
37
5
-33
-79
-114
-133
-139
-130
-109
-82
-51
-16
26
66
104
123
133
123
101
58
11
-36
-76
-105
-128
-132
-125
-114
-92
-74
-30
6
43
81
105
112
103
76
52
31
1
-25
-46
-78
-98
-113
-106
-100
-75
-41
-8
23
49
68
72
69
65
54
34
16
-15
-50
-72
-85
-88
-75
-48
-26
-6
4
4
10
14
18
13
4
-4
-12
-17
-19
-25
-20
-5
3
11
22
16
8
-5
-17
-22
-24
-30
-40
-39
-40
-40
-34
-19
-2
15
27
36
36
35
29
17
11
1
-18
-31
-53
-71
-78
-82
-71
-50
-25
10
33
48
55
58
53
43
22
0
-18
-39
-64
-77
-85
-77
-54
-25
-2
23
43
56
50
41
25
13
0
-24
-46
-60
-67
-70
-67
-49
-29
-2
24
33
42
48
50
49
35
26
1
-29
-58
-80
-92
-88
-85
-71
-46
-18
7
31
54
72
88
84
72
48
20
-21
-59
-87
-109
-114
-109
-83
-59
-34
-6
20
48
64
71
76
71
61
46
21
-8
-41
-65
-73
-69
-66
-62
-64
-68
-64
-42
-10
21
42
52
59
51
42
33
31
16
2
-21
-47
-63
-70
-79
-74
-59
-46
-30
-14
1
16
18
26
32
36
42
43
38
33
25
9
-19
-38
-56
-57
-60
-63
-65
-65
-59
-47
-27
0
25
46
57
55
41
22
4
-11
-19
-21
-25
-33
-37
-42
-44
-40
-31
-15
4
11
12
6
-7
-11
-11
-4
9
16
11
13
3
-13
-29
-30
-21
-11
-7
-9
-17
-24
-34
-28
-18
-9
0
1
3
-6
-10
-11
-9
6
13
17
12
5
-8
-23
-30
-32
-34
-33
-27
-23
-24
-17
-11
-1
14
24
29
26
17
4
-18
-39
-48
-48
-48
-41
-36
-26
-22
-11
4
18
27
30
31
30
19
8
-8
-19
-23
-26
-37
-34
-42
-45
-41
-34
-23
-7
0
14
22
28
32
28
15
3
-7
-24
-35
-39
-47
-48
-45
-43
-33
-16
-1
12
23
23
24
24
16
4
-1
-10
-13
-21
-33
-39
-37
-26
-20
-14
-8
-5
-10
-6
-3
-2
2
4
3
8
2
-4
-14
-17
-17
-17
-19
-23
-29
-21
-18
-17
-9
-6
-9
-1
8
10
8
4
-2
-3
-4
-10
-18
-19
-22
-26
-27
-25
-28
-26
-21
-16
-14
-5
3
21
31
35
25
17
6
-6
-24
-38
-53
-60
-63
-56
-47
-33
-12
7
29
48
53
49
38
29
10
-12
-38
-54
-64
-69
-71
-64
-46
-27
-5
21
38
47
49
47
41
36
19
-9
-32
-48
-66
-73
-65
-50
-37
-25
-11
4
17
27
44
41
34
19
2
-22
-41
-55
-62
-59
-52
-36
-22
-4
18
36
43
45
37
27
10
-18
-46
-66
-69
-73
-60
-44
-27
-7
11
28
45
53
53
52
32
9
-20
-44
-63
-69
-64
-58
-45
-30
-20
-6
4
18
25
27
32
33
29
12
-1
-16
-31
-40
-34
-35
-42
-38
-36
-33
-19
-6
7
18
25
23
14
9
-4
-12
-13
-19
-24
-20
-23
-25
-21
-8
-3
-2
0
4
-1
-4
-16
-25
-22
-16
-18
-13
-7
-3
-4
-2
-1
-3
-7
-13
-21
-19
-20
-15
-13
-8
-6
3
7
4
0
-1
-10
-21
-25
-32
-33
-29
-18
-14
-12
-2
3
9
10
5
7
11
5
-3
-16
-21
-25
-20
-14
-14
-20
-30
-36
-37
-29
-19
-11
-2
6
20
28
31
28
22
10
0
-10
-24
-33
-46
-50
-53
-50
-44
-29
-15
-5
3
9
8
11
17
22
21
20
17
14
3
-7
-18
-34
-50
-53
-54
-56
-55
-45
-33
-14
11
34
53
59
59
46
30
8
-17
-34
-41
-56
-55
-55
-56
-48
-36
-24
-8
7
13
21
26
24
17
10
8
5
-1
-5
-15
-23
-33
-40
-50
-53
-43
-23
-4
7
16
24
28
31
28
14
-1
-18
-27
-49
-68
-70
-51
-31
-4
22
34
35
34
23
14
1
-13
-21
-30
-40
-50
-51
-48
-37
-20
-3
13
25
25
17
5
5
11
18
15
4
-4
-22
-37
-57
-63
-63
-56
-44
-28
-12
1
18
39
53
62
62
47
25
-5
-40
-64
-78
-86
-76
-57
-39
-15
2
22
31
36
38
33
21
10
-7
-23
-34
-34
-29
-23
-20
-11
-8
-17
-23
-28
-28
-21
-13
-1
3
9
13
12
9
4
0
-6
-20
-29
-41
-47
-39
-22
-6
9
23
29
24
13
0
-20
-36
-43
-41
-39
-31
-22
-9
8
17
23
26
25
13
-5
-22
-36
-37
-35
-35
-27
-15
-3
4
0
-2
-11
-9
-11
-21
-20
-17
-16
-8
2
11
21
18
13
2
-16
-31
-40
-48
-46
-36
-24
-7
10
17
28
27
13
3
-11
-28
-33
-35
-30
-24
-8
3
20
24
22
11
-12
-31
-43
-47
-52
-48
-31
-17
2
18
29
32
35
27
14
1
-10
-30
-43
-49
-50
-42
-29
-14
0
1
0
-8
-9
-5
-6
-7
-2
6
12
19
23
18
11
-7
-24
-41
-64
-76
-76
-57
-33
-2
25
47
54
58
53
33
8
-12
-36
-56
-62
-65
-56
-38
-25
-6
8
13
15
11
7
-12
-24
-26
-20
-7
0
9
16
24
18
11
-2
-19
-33
-51
-56
-56
-51
-33
-12
10
29
39
45
39
16
4
-18
-37
-42
-38
-38
-23
-12
-2
5
1
-3
-15
-31
-41
-44
-45
-30
-9
14
35
43
44
35
25
3
-20
-44
-58
-63
-62
-50
-30
-2
27
40
42
40
27
10
-9
-30
-46
-44
-46
-44
-28
-3
11
29
39
35
13
-8
-22
-37
-54
-61
-53
-41
-27
-12
-1
9
15
15
9
-1
-7
-7
-5
-2
5
13
18
22
12
-8
-30
-52
-65
-75
-76
-59
-35
-11
24
58
78
80
75
58
25
-9
-45
-76
-96
-98
-100
-85
-59
-27
8
39
56
60
57
47
26
10
-5
-14
-20
-21
-22
-30
-28
-38
-49
-62
-63
-58
-51
-34
-9
14
43
63
78
83
68
47
18
-26
-67
-95
-107
-103
-84
-59
-29
2
31
50
61
61
50
29
5
-15
-32
-40
-37
-25
-13
-1
5
4
-4
-22
-37
-43
-49
-45
-39
-26
-9
13
32
44
44
33
16
-8
-33
-54
-61
-61
-48
-31
-12
14
21
19
18
13
-3
-13
-27
-34
-31
-22
-13
2
19
41
49
45
32
9
-17
-42
-64
-76
-73
-66
-50
-29
-10
12
33
43
41
31
13
-11
-31
-39
-38
-31
-19
-6
2
0
-9
-16
-26
-38
-45
-44
-37
-21
-5
19
34
48
55
55
41
21
-10
-41
-68
-82
-82
-64
-44
-20
-1
15
27
32
29
26
19
14
4
-8
-21
-22
-24
-21
-21
-14
-12
-22
-37
-47
-49
-49
-44
-32
-13
16
37
47
47
40
31
17
-1
-28
-52
-63
-73
-66
-52
-26
-1
26
33
29
24
13
4
0
1
7
6
10
12
1
-9
-14
-28
-39
-49
-50
-55
-52
-45
-32
-16
10
31
40
35
26
12
-8
-27
-36
-39
-41
-38
-38
-32
-22
-10
1
15
23
22
18
16
2
-7
-8
-10
-4
4
15
6
-10
-22
-31
-40
-40
-33
-23
-8
3
9
21
27
23
12
-10
-31
-47
-72
-89
-84
-59
-24
9
35
51
55
45
27
11
-5
-16
-24
-29
-30
-41
-40
-33
-19
-4
4
7
3
-8
-14
-15
-13
-3
13
28
28
27
18
4
-18
-43
-62
-71
-74
-66
-61
-43
-14
19
54
83
90
77
45
5
-31
-63
-78
-81
-67
-42
-19
3
10
15
13
2
-8
-30
-46
-49
-42
-24
7
41
67
84
73
52
10
-38
-79
-105
-117
-117
-94
-57
-20
20
56
87
101
103
84
53
6
-38
-68
-82
-78
-54
-28
-8
5
3
-3
-17
-37
-53
-64
-65
-57
-30
8
49
88
117
124
106
58
-12
-86
-143
-176
-182
-153
-97
-35
31
86
121
136
124
90
41
-10
-55
-88
-107
-102
-69
-33
8
44
54
47
15
-20
-60
-88
-93
-76
-42
1
45
82
110
127
119
84
22
-50
-125
-184
-211
-200
-149
-79
9
90
142
162
158
116
58
-5
-60
-101
-121
-116
-91
-44
0
40
73
73
39
-14
-74
-112
-135
-126
-82
-14
62
129
178
193
173
123
52
-23
-105
-180
-224
-227
-201
-133
-41
47
118
165
170
136
71
-7
-78
-130
-148
-136
-100
-43
25
86
123
128
96
38
-38
-113
-174
-201
-181
-121
-42
52
139
203
216
184
118
24
-76
-161
-217
-233
-202
-132
-24
84
176
231
246
222
147
49
-51
-139
-206
-234
-228
-186
-118
-39
27
74
91
62
11
-53
-106
-134
-122
-55
37
132
207
251
245
190
100
-14
-132
-230
-301
-324
-288
-196
-66
78
201
293
324
282
190
56
-79
-193
-265
-280
-247
-183
-85
17
110
172
203
191
143
67
-29
-123
-188
-213
-185
-121
-31
53
116
144
132
72
-8
-84
-146
-177
-159
-98
-5
112
227
315
338
294
183
11
-176
-335
-442
-479
-433
-325
-169
-2
143
246
302
298
238
140
33
-57
-127
-157
-132
-62
38
150
247
305
309
255
156
24
-124
-258
-353
-417
-434
-408
-354
-277
-201
-138
-82
-49
-23
11
70
154
267
409
567
696
769
765
650
423
109
-251
-595
-855
-997
-987
-852
-624
-339
-57
195
382
484
483
394
228
6
-222
-391
-453
-367
-133
206
585
926
1157
1245
1157
889
432
-182
-893
-1612
-2227
-2637
-2785
-2677
-2376
-1947
-1398
-570
732
2651
5068
7570
9328
9512
7604
3607
-1671
-7002
-11128
-12984
-12240
-9232
-4784
-42
4022
6815
7965
7565
5987
3720
1358
-643
-2017
-2650
-2611
-2108
-1388
-680
-157
140
248
236
182
137
122
112
87
18
-80
-199
-295
-331
-292
-176
6
230
456
670
824
878
824
646
358
-2
-381
-726
-981
-1098
-1062
-906
-651
-358
-70
171
342
431
438
385
304
225
156
124
132
171
207
224
212
163
80
-39
-166
-271
-336
-352
-316
-237
-131
-32
59
105
117
78
11
-72
-140
-179
-190
-151
-66
47
164
280
366
403
381
285
131
-48
-228
-376
-459
-463
-396
-259
-94
71
203
287
305
258
167
55
-61
-154
-205
-207
-153
-66
31
117
160
150
94
17
-73
-144
-175
-167
-129
-55
34
114
179
215
202
148
64
-45
-164
-262
-320
-314
-242
-117
26
165
267
319
308
247
141
3
-131
-243
-315
-336
-307
-226
-115
9
120
201
226
201
131
47
-28
-82
-102
-77
-22
43
103
141
151
124
61
-22
-113
-195
-240
-247
-212
-130
-30
72
157
205
205
155
77
-15
-108
-184
-223
-221
-179
-107
-19
79
162
201
201
160
86
-7
-91
-149
-175
-160
-108
-43
26
80
118
125
95
44
-24
-95
-148
-162
-150
-98
-22
69
152
209
214
173
101
11
-91
-174
-225
-238
-225
-180
-112
-24
65
130
168
171
134
75
9
-54
-101
-111
-94
-53
0
43
69
75
53
18
-33
-82
-122
-143
-133
-96
-44
28
105
168
192
179
131
55
-35
-113
-174
-205
-197
-150
-95
-33
30
78
113
122
102
68
22
-29
-72
-85
-87
-58
-12
24
49
52
39
10
-35
-74
-101
-114
-110
-83
-46
8
64
113
148
154
129
80
6
-65
-128
-168
-183
-164
-111
-48
16
65
99
110
98
77
44
3
-32
-55
-60
-50
-37
-8
18
30
27
6
-30
-72
-106
-115
-100
-72
-32
13
51
82
97
98
89
62
26
-16
-64
-104
-126
-122
-92
-54
-5
33
54
66
60
40
14
-9
-27
-32
-36
-30
-19
-4
19
34
36
19
-4
-36
-67
-92
-100
-84
-58
-21
30
65
78
77
63
44
17
-15
-43
-61
-75
-74
-69
-57
-27
-1
22
34
31
17
5
-10
-19
-19
-17
-8
-2
-2
-3
-5
-12
-21
-27
-28
-35
-41
-42
-37
-21
1
24
46
62
62
48
23
-7
-34
-58
-63
-59
-54
-36
-19
-1
18
24
33
32
20
2
-22
-39
-49
-50
-43
-29
-16
-5
-3
-13
-20
-23
-21
-14
-6
6
9
11
16
8
3
-1
-11
-11
-19
-32
-41
-47
-45
-23
2
23
35
44
48
34
24
12
-1
-19
-26
-36
-44
-50
-50
-46
-36
-25
-15
-8
-4
-11
-17
-24
-17
-5
12
28
34
29
21
6
-21
-39
-49
-55
-58
-51
-43
-34
-12
16
36
50
54
49
33
12
-13
-31
-40
-39
-23
-18
-8
-9
-15
-23
-34
-44
-38
-28
-21
-13
1
16
22
27
39
40
29
7
-18
-42
-68
-78
-82
-71
-56
-32
-7
13
32
46
51
47
35
22
-1
-23
-35
-44
-41
-24
-6
4
9
6
-3
-20
-36
-42
-36
-30
-17
-4
15
37
41
40
39
20
-6
-28
-53
-70
-77
-72
-54
-27
-2
17
29
29
23
9
-6
-17
-33
-40
-38
-31
-13
1
12
24
29
29
18
-2
-26
-51
-58
-59
-47
-36
-16
7
27
37
42
39
32
17
-3
-26
-38
-42
-38
-27
-14
-9
-3
-9
-18
-24
-34
-41
-48
-45
-31
-11
18
40
57
67
66
55
25
-6
-45
-84
-113
-125
-115
-85
-47
-9
31
57
75
80
77
64
40
16
-9
-30
-44
-57
-59
-53
-43
-35
-30
-33
-35
-34
-30
-23
-10
15
40
52
62
65
56
37
11
-23
-55
-89
-112
-118
-99
-65
-31
9
47
71
83
78
59
36
10
-24
-52
-69
-72
-66
-51
-34
-12
6
19
18
17
10
2
-9
-19
-20
-18
-12
-5
1
3
5
1
-10
-22
-30
-33
-30
-22
-13
-2
11
26
27
19
13
-5
-21
-36
-50
-58
-60
-43
-25
-2
22
33
36
35
25
10
-17
-36
-52
-57
-53
-47
-33
-16
-4
20
34
34
24
15
-4
-16
-23
-33
-30
-18
-4
5
12
12
9
-3
-12
-34
-47
-48
-48
-43
-32
-7
18
32
41
38
27
12
-11
-24
-39
-46
-46
-38
-32
-20
-7
0
3
6
4
-8
-12
-20
-25
-18
0
14
26
36
34
25
7
-16
-41
-59
-68
-73
-73
-58
-33
-5
20
50
69
70
59
35
8
-19
-45
-66
-70
-66
-60
-42
-25
-10
3
15
19
14
7
-3
-11
-6
-4
-4
6
11
9
8
-2
-17
-28
-38
-46
-45
-39
-27
-19
-3
9
15
27
32
27
13
-6
-15
-31
-43
-45
-37
-28
-8
12
18
16
10
4
-9
-21
-35
-45
-48
-37
-23
-8
11
27
31
35
24
6
-15
-33
-41
-50
-51
-42
-25
-10
1
10
17
14
4
4
-1
-14
-18
-18
-12
-8
-2
8
11
6
-2
-13
-19
-33
-40
-42
-39
-26
-12
0
9
12
22
20
11
-5
-15
-23
-32
-41
-44
-37
-22
-3
14
29
33
29
17
-7
-21
-34
-42
-48
-42
-33
-21
-11
0
11
21
26
24
16
3
-7
-16
-25
-23
-17
-13
-11
-15
-27
-35
-42
-41
-39
-25
-10
5
17
26
36
43
44
37
18
2
-22
-55
-83
-89
-86
-73
-47
-20
7
28
38
46
45
44
40
28
6
-17
-36
-51
-54
-53
-42
-32
-21
-15
-10
-8
-4
-2
-1
9
21
25
24
14
-2
-11
-19
-28
-38
-41
-45
-40
-32
-24
-10
5
23
37
40
32
13
-13
-32
-43
-56
-52
-48
-43
-27
-10
6
17
29
40
40
36
25
3
-20
-34
-45
-53
-52
-49
-38
-27
-23
-13
-9
8
18
21
22
31
34
31
19
5
-9
-18
-32
-50
-56
-69
-73
-71
-57
-34
-5
20
37
47
58
52
38
24
6
-9
-22
-36
-45
-46
-50
-46
-42
-37
-26
-15
-6
4
7
8
9
13
20
26
25
24
14
-3
-14
-31
-48
-50
-54
-48
-35
-32
-29
-15
-5
11
18
24
30
26
18
6
-8
-17
-18
-23
-21
-23
-24
-22
-23
-27
-23
-19
-17
-10
-7
-6
0
5
7
9
8
1
1
-6
-15
-23
-27
-33
-33
-23
-12
0
5
1
0
1
-1
-3
-11
-17
-18
-19
-21
-18
-14
-13
-9
-1
-3
-2
-1
-6
-14
-18
-17
-13
-9
0
5
3
0
-5
-13
-12
-11
-12
-22
-31
-34
-39
-37
-21
-3
12
23
28
28
23
15
6
-8
-19
-20
-28
-36
-45
-53
-55
-47
-26
-6
12
19
33
34
34
28
21
15
6
-11
-25
-45
-61
-69
-67
-63
-48
-29
-12
10
28
36
48
49
39
23
2
-20
-43
-64
-66
-62
-53
-37
-5
16
30
31
41
46
34
16
1
-20
-40
-53
-64
-65
-67
-47
-20
-3
17
30
43
45
40
33
20
4
-21
-41
-58
-69
-72
-64
-58
-41
-20
-4
20
36
46
50
53
46
29
7
-15
-38
-50
-59
-68
-71
-64
-48
-27
-2
19
33
42
52
45
36
22
-1
-19
-35
-47
-57
-57
-53
-46
-32
-19
-3
8
18
25
21
13
11
9
0
-9
-13
-19
-23
-28
-28
-28
-25
-21
-13
-10
-9
-9
-6
-2
2
2
2
3
2
-2
-3
-3
-8
-17
-16
-21
-29
-33
-28
-19
-18
-3
6
3
-2
1
2
1
-1
3
8
2
-7
-18
-26
-33
-34
-36
-34
-30
-28
-23
-14
-4
4
21
34
38
29
21
10
-8
-24
-35
-41
-47
-50
-48
-42
-32
-10
0
13
26
34
33
34
25
8
-4
-17
-23
-26
-34
-37
-44
-45
-38
-32
-26
-16
-2
6
13
23
26
22
16
4
0
-8
-16
-19
-36
-49
-54
-48
-39
-18
0
19
28
24
17
12
7
3
1
-3
-12
-25
-38
-43
-41
-36
-26
-7
0
5
5
-6
-12
-18
-10
0
11
19
16
9
-2
-17
-19
-16
-9
-8
-12
-22
-32
-42
-48
-40
-26
-10
-1
7
9
2
-4
-3
4
14
25
28
21
7
-15
-37
-40
-37
-35
-43
-43
-44
-45
-40
-25
-4
18
40
55
58
52
41
21
8
-7
-19
-29
-41
-56
-61
-67
-67
-60
-52
-37
-17
4
11
12
19
28
38
40
37
34
29
17
3
-20
-49
-67
-77
-72
-61
-56
-49
-41
-26
-10
15
49
71
76
62
45
29
17
4
-7
-24
-40
-58
-77
-90
-93
-84
-70
-47
-17
14
44
58
72
74
71
65
44
22
-7
-42
-72
-92
-107
-105
-95
-70
-40
-6
24
42
60
70
72
59
49
30
-1
-31
-55
-75
-79
-81
-67
-49
-33
-10
7
17
32
41
48
54
46
24
0
-25
-47
-61
-70
-69
-57
-43
-29
-19
-5
20
44
52
59
57
37
7
-27
-56
-72
-78
-74
-61
-47
-34
-12
5
18
39
56
63
60
41
18
-14
-34
-53
-62
-66
-65
-53
-40
-34
-17
2
9
15
26
29
27
19
7
-9
-18
-16
-18
-12
-15
-23
-24
-28
-31
-25
-9
-3
-6
-7
-10
-16
-25
-22
-25
-19
-11
2
11
16
23
29
37
40
34
19
1
-24
-62
-87
-93
-91
-84
-69
-44
-21
9
42
63
81
91
89
80
55
16
-23
-56
-83
-103
-110
-102
-101
-96
-75
-42
-9
34
71
96
108
117
104
79
50
11
-20
-50
-86
-121
-139
-147
-140
-109
-69
-26
13
59
92
112
118
115
97
70
37
4
-39
-86
-115
-130
-133
-121
-97
-70
-39
-15
13
43
71
87
103
100
84
66
37
0
-31
-58
-79
-97
-112
-122
-112
-90
-53
-17
22
54
73
82
83
75
59
43
23
-4
-29
-59
-81
-92
-87
-72
-48
-35
-26
-16
-6
7
21
30
40
44
42
29
14
-1
-10
-17
-20
-23
-33
-46
-49
-46
-45
-40
-23
-10
5
9
5
5
4
4
3
11
10
10
8
-2
-5
-10
-5
0
-8
-20
-37
-52
-62
-71
-68
-47
-27
-4
12
26
41
49
55
58
53
42
26
-5
-36
-61
-76
-77
-77
-69
-67
-61
-49
-32
-8
15
34
57
75
84
75
61
43
20
-5
-32
-59
-93
-114
-124
-124
-104
-74
-35
8
39
70
90
102
115
112
90
58
15
-32
-72
-99
-121
-132
-126
-113
-89
-65
-32
-3
39
80
112
126
120
103
70
36
2
-36
-72
-101
-123
-144
-150
-133
-102
-55
-8
46
85
111
123
121
105
75
37
4
-34
-76
-110
-131
-137
-129
-103
-66
-25
9
49
76
87
97
100
84
60
30
2
-35
-65
-89
-105
-105
-99
-85
-67
-42
-12
18
45
65
85
89
79
56
26
-11
-38
-64
-79
-86
-85
-76
-65
-47
-19
7
30
45
55
55
49
36
18
2
-16
-31
-48
-54
-53
-50
-39
-30
-25
-10
3
10
12
17
22
18
14
5
-4
-22
-30
-37
-43
-36
-27
-27
-22
-17
-10
0
15
23
26
25
12
-11
-17
-27
-32
-37
-37
-31
-28
-27
-19
-11
6
12
23
28
23
10
-2
-18
-24
-21
-21
-18
-19
-22
-21
-23
-21
-15
-6
3
10
11
6
5
1
2
2
6
-3
-17
-29
-39
-44
-49
-37
-22
-8
-5
-4
0
4
8
11
13
20
10
0
-6
-23
-35
-40
-33
-29
-25
-19
-16
-19
-13
-6
-1
10
15
17
14
4
2
-2
-11
-15
-16
-21
-28
-35
-35
-32
-21
-13
-4
1
11
14
11
11
4
-7
-17
-16
-22
-22
-24
-23
-21
-17
-13
-6
2
1
3
3
-4
-15
-18
-14
-19
-25
-19
-14
-12
-7
-6
0
10
12
7
3
3
4
-3
-19
-27
-29
-35
-36
-33
-35
-30
-25
-14
0
9
21
31
34
31
23
13
-1
-16
-29
-44
-56
-62
-58
-52
-41
-20
0
10
27
34
41
47
35
18
5
-4
-20
-31
-41
-44
-47
-45
-40
-31
-23
-14
-1
4
6
11
21
20
20
13
4
-8
-19
-26
-35
-43
-40
-31
-26
-18
-6
1
6
9
12
8
4
-3
-10
-17
-20
-24
-27
-22
-15
-5
1
6
6
7
-2
-7
-16
-24
-25
-28
-29
-30
-30
-20
-8
1
9
13
22
21
18
12
5
-3
-16
-25
-32
-41
-45
-46
-47
-37
-25
-11
2
10
19
29
26
26
22
16
7
-2
-18
-38
-44
-54
-54
-45
-31
-23
-9
8
13
22
25
25
19
14
6
-7
-18
-29
-37
-35
-34
-29
-20
-15
-10
-5
0
2
1
0
-3
-5
-7
-6
-13
-18
-20
-17
-21
-18
-15
-13
-5
-1
6
5
0
-4
-3
-5
-10
-14
-16
-17
-26
-29
-27
-22
-14
-5
1
8
11
6
2
0
-6
-11
-15
-21
-23
-24
-24
-22
-20
-15
-6
1
5
3
-9
-13
-8
-13
-14
-14
-11
-14
-15
-14
-4
0
-4
-5
-2
-4
-12
-16
-18
-17
-15
-9
-9
-11
-15
-13
-14
-8
-1
0
3
7
5
-1
-8
-13
-9
-12
-16
-22
-27
-29
-32
-36
-30
-22
-7
6
17
19
15
15
13
3
0
-6
-15
-30
-36
-42
-42
-35
-23
-17
-9
2
6
8
10
13
12
12
12
3
-4
-16
-30
-31
-27
-25
-27
-26
-22
-22
-25
-17
-5
2
11
17
21
16
12
4
0
-9
-21
-24
-31
-37
-37
-31
-28
-32
-32
-21
-8
3
12
19
22
24
26
27
26
17
0
-23
-35
-48
-56
-58
-57
-58
-50
-33
-18
2
23
37
53
59
55
39
22
7
-16
-40
-62
-76
-83
-74
-64
-48
-32
-10
16
36
45
49
53
46
35
19
0
-21
-36
-50
-57
-56
-51
-43
-40
-27
-17
-8
12
24
32
28
19
7
-7
-16
-23
-28
-23
-18
-14
-14
-10
-4
2
8
7
1
-11
-22
-31
-41
-43
-38
-32
-34
-21
-3
13
28
39
44
42
33
23
4
-17
-42
-54
-61
-67
-59
-48
-40
-31
-15
-1
14
33
51
52
43
36
20
4
-11
-21
-33
-45
-41
-51
-63
-65
-59
-41
-26
-9
11
28
36
34
32
36
29
18
9
-2
-19
-35
-50
-58
-56
-50
-41
-29
-20
-10
-4
-1
12
24
32
37
31
23
8
-2
-16
-19
-27
-40
-40
-38
-45
-47
-39
-26
-8
7
19
22
18
18
17
17
5
-1
-12
-26
-33
-39
-48
-44
-33
-19
-7
5
9
8
8
7
5
6
10
5
0
-7
-19
-30
-35
-38
-30
-25
-23
-18
-14
-13
-3
6
14
22
22
22
17
2
-12
-25
-38
-41
-39
-43
-43
-39
-35
-23
-4
5
12
29
37
40
28
19
3
-6
-11
-19
-29
-38
-50
-52
-58
-49
-36
-17
-6
5
8
22
31
34
34
30
20
7
-6
-28
-43
-53
-56
-54
-42
-26
-20
-13
-3
10
9
8
9
15
12
9
2
-5
-11
-18
-15
-11
-11
-13
-15
-17
-17
-22
-20
-17
-15
-13
-12
-13
-9
-5
-8
-6
1
1
3
-2
-6
-9
-12
-10
-5
4
-5
-18
-20
-27
-33
-33
-32
-22
-19
-21
-12
-6
7
11
21
22
22
19
12
0
-13
-23
-35
-40
-37
-31
-30
-25
-28
-31
-29
-25
-12
0
17
29
32
31
29
21
14
5
-8
-17
-32
-48
-55
-62
-59
-54
-38
-22
-3
17
29
39
44
42
39
31
14
-5
-27
-47
-58
-66
-65
-53
-39
-29
-17
-1
8
19
25
31
31
30
20
7
-8
-25
-41
-43
-46
-44
-41
-36
-22
-9
3
15
28
32
28
18
12
-8
-22
-31
-46
-51
-45
-43
-32
-20
-5
4
23
36
37
37
21
-1
-23
-33
-43
-46
-53
-46
-40
-35
-15
5
17
31
36
34
29
17
0
-17
-28
-32
-41
-44
-41
-41
-38
-22
-9
3
16
35
39
29
22
13
-6
-21
-27
-42
-53
-53
-57
-54
-34
-23
-3
21
44
55
53
47
38
11
-14
-32
-46
-58
-69
-81
-78
-69
-52
-22
6
32
56
67
66
54
41
24
8
-11
-28
-49
-64
-76
-83
-80
-64
-46
-21
6
29
41
47
57
53
44
38
24
8
-17
-41
-63
-82
-85
-79
-66
-47
-29
-9
12
24
32
35
44
46
45
30
14
-4
-24
-39
-46
-51
-49
-46
-39
-32
-28
-21
-10
-1
7
16
25
25
23
18
11
-1
-6
-11
-13
-20
-25
-34
-38
-46
-46
-34
-21
-8
2
7
5
0
-1
1
6
14
19
13
7
-1
-14
-24
-25
-21
-17
-25
-26
-31
-30
-36
-36
-28
-11
6
18
19
15
13
10
12
7
5
7
-2
-18
-30
-42
-51
-51
-40
-34
-21
-16
-20
-10
3
8
21
40
45
39
23
13
-7
-17
-27
-34
-38
-44
-53
-53
-49
-43
-34
-14
6
14
28
36
37
33
24
14
2
-5
-12
-19
-28
-38
-52
-54
-52
-46
-38
-31
-24
-11
0
12
21
29
31
39
34
29
23
11
-10
-24
-34
-44
-54
-62
-60
-58
-51
-36
-25
-5
14
30
41
55
55
51
41
27
10
-9
-26
-44
-66
-79
-85
-91
-83
-60
-38
-10
22
46
58
64
66
66
53
40
18
-10
-45
-72
-91
-99
-94
-79
-63
-43
-17
10
31
51
65
64
63
57
38
13
-9
-37
-64
-74
-80
-78
-65
-51
-39
-22
4
28
39
52
60
59
44
22
-5
-25
-43
-58
-65
-70
-69
-57
-36
-17
10
32
43
48
49
42
30
11
-11
-33
-46
-56
-64
-67
-62
-54
-40
-13
12
25
39
47
42
37
34
31
5
-17
-35
-51
-64
-65
-63
-58
-46
-28
-11
8
28
36
44
45
39
28
12
-6
-16
-32
-42
-51
-54
-50
-46
-42
-35
-12
9
24
27
24
24
23
13
6
2
-5
-19
-25
-29
-38
-41
-40
-34
-29
-26
-22
-17
-13
-3
5
9
19
25
25
19
4
-1
-5
-7
-17
-25
-29
-36
-43
-45
-40
-30
-23
-12
4
15
18
18
18
21
24
21
14
7
-5
-22
-38
-54
-65
-65
-52
-39
-28
-19
-3
9
26
37
42
43
38
26
9
-8
-28
-43
-56
-58
-51
-47
-46
-44
-27
-12
1
20
37
41
40
31
25
12
6
-11
-21
-36
-50
-59
-64
-61
-52
-36
-18
3
21
28
36
33
31
35
25
12
-3
-23
-39
-48
-55
-62
-60
-48
-32
-16
-1
7
18
26
32
36
35
25
5
-14
-27
-35
-45
-50
-51
-44
-39
-30
-16
1
16
29
31
36
35
26
15
-1
-15
-29
-44
-55
-56
-55
-52
-35
-18
-6
11
21
33
35
31
26
17
8
-6
-20
-39
-50
-52
-53
-50
-36
-27
-16
-3
4
12
21
21
23
23
18
6
-2
-10
-28
-39
-33
-28
-32
-33
-24
-18
-14
-3
8
4
5
10
13
10
-2
-7
-13
-18
-21
-18
-16
-18
-21
-18
-13
-10
-8
-10
-12
-13
-19
-16
-15
-7
2
-1
1
6
8
5
1
1
-2
-7
-11
-15
-28
-32
-31
-32
-29
-22
-14
-8
-7
1
1
6
8
7
11
20
14
3
-4
-13
-21
-28
-32
-40
-44
-42
-39
-35
-24
-18
-11
1
16
26
31
30
25
17
18
10
-3
-16
-20
-32
-46
-57
-62
-61
-49
-40
-25
-18
-3
16
32
45
56
59
56
48
27
3
-27
-50
-72
-85
-93
-91
-81
-65
-47
-24
-2
31
63
76
88
92
78
55
27
-4
-34
-60
-81
-100
-110
-110
-103
-78
-52
-19
20
52
78
99
103
95
83
55
24
-3
-41
-70
-99
-120
-125
-117
-96
-66
-30
0
26
43
66
83
88
87
76
47
18
-13
-49
-69
-82
-90
-91
-82
-72
-63
-52
-22
5
30
47
57
62
56
50
44
34
11
-16
-30
-39
-54
-70
-69
-69
-61
-48
-32
-16
-6
9
22
28
35
41
43
35
27
14
1
-12
-24
-38
-49
-48
-51
-66
-67
-55
-42
-28
-10
10
26
30
43
49
48
45
38
20
3
-18
-40
-60
-70
-71
-74
-68
-57
-42
-27
-11
11
30
47
59
58
56
50
34
11
-16
-34
-50
-66
-74
-73
-66
-58
-46
-28
-10
14
36
52
57
50
39
21
6
-10
-31
-40
-47
-52
-53
-52
-43
-30
-9
7
24
25
24
18
9
1
-3
-13
-18
-19
-25
-31
-36
-29
-21
-12
-2
10
14
9
7
4
-7
-11
-14
-24
-26
-33
-35
-32
-27
-16
-5
2
11
20
23
22
11
-1
-10
-20
-30
-33
-39
-44
-37
-29
-19
-8
2
14
27
21
17
16
7
-6
-11
-6
-11
-21
-35
-35
-40
-33
-27
-19
-14
0
3
0
5
2
9
13
11
5
-2
-11
-17
-21
-30
-34
-32
-34
-35
-26
-23
-17
-3
10
22
29
26
25
22
15
-1
-16
-28
-45
-48
-52
-53
-47
-36
-33
-17
0
17
21
31
41
40
36
26
8
-9
-21
-37
-49
-58
-69
-64
-51
-40
-20
-1
15
33
42
43
41
31
15
2
-13
-27
-40
-50
-57
-55
-41
-31
-18
-4
6
12
17
22
22
17
8
1
-9
-20
-27
-34
-30
-26
-20
-13
-9
-9
-6
-2
2
2
5
8
1
-19
-31
-31
-37
-42
-35
-23
-8
-6
5
14
26
31
33
28
18
4
-17
-37
-53
-61
-59
-53
-43
-39
-31
-18
-3
20
41
56
63
53
44
24
3
-18
-35
-45
-58
-67
-74
-74
-67
-53
-32
-12
16
36
53
60
61
54
46
37
17
-10
-40
-65
-79
-87
-85
-76
-68
-53
-27
-6
20
37
50
63
62
59
51
35
14
-9
-34
-54
-68
-75
-72
-68
-66
-50
-33
-15
4
27
43
50
57
45
32
27
13
-4
-22
-33
-49
-69
-75
-70
-59
-45
-27
-4
13
24
29
35
36
38
36
24
8
-11
-29
-47
-61
-59
-47
-35
-26
-17
-8
0
6
12
25
26
21
14
4
-12
-19
-24
-34
-37
-46
-43
-31
-20
-12
-3
10
20
21
23
19
10
-1
-11
-21
-34
-40
-44
-42
-35
-26
-12
-6
7
24
27
27
22
15
4
-8
-18
-21
-33
-39
-41
-43
-41
-29
-15
-7
0
12
20
21
18
15
14
12
4
-11
-28
-39
-42
-47
-48
-46
-37
-26
-8
-1
12
21
29
32
32
22
6
-5
-12
-22
-31
-38
-41
-38
-35
-31
-30
-17
-3
5
8
8
10
10
8
12
15
8
0
-11
-21
-30
-33
-32
-32
-30
-30
-27
-25
-18
-17
-7
3
14
21
25
21
17
9
6
-2
-12
-21
-28
-38
-43
-44
-43
-38
-28
-20
-15
3
13
26
35
35
30
26
19
6
-16
-36
-50
-60
-60
-58
-58
-44
-28
-12
7
24
38
45
46
35
22
20
2
-22
-34
-53
-60
-59
-53
-47
-37
-25
-6
12
34
44
42
34
27
17
-1
-21
-32
-43
-52
-58
-57
-50
-28
-16
-1
13
26
36
39
36
26
13
-6
-24
-34
-49
-62
-68
-60
-48
-29
-8
10
34
40
38
37
33
24
13
-7
-29
-46
-58
-60
-63
-59
-44
-27
-2
15
24
37
41
39
33
29
17
-3
-23
-36
-54
-63
-67
-59
-44
-28
-16
2
6
20
29
31
34
35
25
8
-12
-33
-42
-47
-58
-53
-42
-30
-20
-9
1
7
15
24
30
29
18
3
-11
-19
-26
-29
-31
-34
-32
-29
-24
-16
-8
1
7
10
11
10
5
-2
-8
-13
-17
-23
-21
-24
-25
-27
-22
-14
-15
-8
-3
1
7
8
10
4
-6
-6
0
-10
-13
-16
-21
-22
-23
-22
-18
-15
-20
-19
-7
-2
1
8
13
16
7
-1
-5
-11
-20
-26
-25
-27
-37
-32
-27
-25
-21
-12
3
15
21
24
21
11
4
-1
-12
-19
-27
-31
-38
-38
-34
-33
-27
-8
5
13
20
19
16
14
7
1
-5
-17
-25
-34
-42
-43
-37
-28
-23
-14
-2
5
6
10
20
21
17
14
9
0
-14
-24
-36
-42
-37
-40
-34
-29
-22
-10
-6
7
13
25
20
17
20
7
-5
-14
-22
-30
-32
-31
-28
-32
-27
-24
-20
-8
-5
-7
-8
4
14
15
8
12
15
12
-3
-13
-19
-28
-28
-34
-39
-39
-33
-36
-28
-14
-4
8
12
15
15
14
10
4
5
0
0
-8
-16
-26
-41
-44
-43
-33
-24
-15
-7
-3
-3
-2
3
15
22
24
19
14
-3
-15
-26
-32
-25
-28
-23
-25
-26
-28
-29
-27
-18
-8
4
5
8
6
4
1
5
9
16
17
3
-10
-20
-33
-45
-44
-37
-32
-29
-22
-20
-19
-10
-1
12
26
33
38
27
17
4
-12
-20
-29
-35
-39
-40
-38
-37
-35
-36
-28
-15
3
14
30
30
24
17
13
6
1
-9
-23
-29
-39
-44
-45
-44
-40
-32
-13
3
8
6
14
16
15
19
18
11
2
-9
-21
-25
-31
-34
-29
-20
-23
-28
-29
-25
-14
0
6
10
13
19
18
10
1
-3
-9
-13
-20
-26
-34
-43
-42
-40
-32
-22
-9
8
19
23
19
10
7
7
5
-4
-12
-18
-26
-38
-45
-50
-39
-24
-13
1
13
17
18
18
13
17
13
3
-8
-21
-40
-52
-49
-43
-38
-27
-14
-1
6
14
22
15
21
18
8
-1
-14
-23
-30
-37
-42
-34
-23
-16
-5
1
7
13
10
11
13
5
-4
-13
-23
-29
-30
-33
-29
-23
-19
-15
-6
3
11
13
12
9
9
4
-6
-15
-23
-27
-28
-35
-36
-31
-24
-15
-7
0
8
7
9
6
2
-1
0
-6
-15
-17
-15
-20
-17
-14
-11
-13
-16
-18
-21
-20
-14
-13
-11
-1
3
0
-1
0
3
8
12
6
1
-13
-23
-34
-40
-43
-42
-36
-29
-18
-7
1
11
21
24
28
27
23
16
3
-14
-30
-37
-44
-51
-56
-56
-51
-31
-8
3
21
37
43
42
31
17
9
-5
-22
-34
-48
-55
-55
-56
-49
-34
-14
7
19
30
38
40
32
23
9
-4
-25
-42
-55
-56
-60
-59
-42
-20
-2
10
27
39
40
38
29
17
0
-17
-32
-50
-57
-57
-54
-40
-29
-19
-5
9
24
35
43
40
31
16
-1
-21
-33
-43
-54
-56
-55
-54
-41
-26
-9
8
21
32
36
36
31
21
9
-6
-13
-19
-36
-47
-53
-54
-43
-29
-27
-16
-4
2
4
11
15
15
18
25
20
11
0
-12
-17
-17
-18
-24
-30
-32
-36
-43
-45
-40
-30
-14
-2
11
17
21
21
18
19
24
24
17
-2
-23
-34
-48
-59
-60
-55
-49
-44
-31
-24
-13
2
24
44
57
60
54
44
26
8
-12
-30
-45
-58
-69
-78
-81
-70
-51
-31
-1
22
38
47
51
53
44
38
29
11
-3
-28
-55
-74
-85
-84
-74
-58
-38
-20
-7
11
27
40
54
57
49
41
25
4
-22
-38
-51
-56
-57
-53
-52
-43
-33
-22
-1
17
26
29
31
27
17
9
-1
-13
-23
-29
-25
-28
-28
-27
-24
-18
-12
-8
-4
-1
-3
-8
-11
-9
-8
-7
-7
-9
-7
-6
-6
-3
0
-2
-5
-5
-7
-14
-16
-25
-27
-26
-20
-14
-7
1
5
8
5
-2
-2
-5
-7
-14
-19
-27
-32
-32
-27
-23
-14
-3
5
15
20
20
17
10
2
-7
-25
-38
-46
-52
-53
-51
-39
-30
-5
17
33
36
41
40
31
23
11
-1
-22
-39
-48
-56
-61
-59
-49
-36
-18
-4
8
16
25
36
41
39
28
18
5
-15
-32
-44
-40
-47
-52
-44
-37
-29
-17
-7
5
10
11
8
8
11
9
12
7
-4
-13
-19
-17
-16
-15
-19
-18
-23
-23
-28
-30
-29
-25
-15
-8
-6
1
8
9
12
15
14
12
9
6
-3
-13
-20
-28
-32
-33
-30
-35
-35
-37
-33
-28
-15
3
17
18
22
28
28
25
21
17
12
0
-17
-35
-47
-61
-70
-68
-60
-46
-30
-16
-4
8
23
44
51
56
52
41
21
8
-14
-40
-57
-64
-68
-68
-69
-60
-49
-28
-1
22
32
42
49
54
53
42
23
7
-13
-33
-52
-68
-80
-79
-66
-50
-33
-17
0
12
30
44
50
51
46
28
17
-2
-25
-42
-54
-57
-53
-56
-48
-37
-32
-19
2
20
33
37
35
30
22
10
-2
-15
-26
-35
-45
-49
-51
-48
-35
-23
-13
4
16
26
27
26
20
10
10
2
-8
-18
-32
-46
-51
-44
-40
-33
-20
-8
4
15
23
21
23
25
21
9
-6
-16
-24
-42
-49
-50
-54
-48
-36
-29
-17
-1
18
25
34
45
36
28
20
9
-11
-27
-39
-53
-63
-63
-58
-47
-33
-19
-3
11
28
41
45
44
40
34
24
9
-11
-30
-46
-59
-67
-71
-63
-50
-40
-24
-8
7
24
39
46
53
46
34
17
-2
-19
-39
-50
-59
-64
-60
-59
-51
-37
-23
-5
15
31
35
37
41
36
27
17
8
-5
-25
-41
-52
-58
-65
-62
-50
-34
-19
-6
6
21
31
34
41
46
37
20
7
-8
-35
-53
-63
-67
-60
-54
-47
-35
-24
-3
19
31
40
48
43
37
21
4
-8
-26
-38
-53
-56
-57
-53
-42
-32
-15
5
12
22
32
35
34
27
10
-9
-20
-31
-44
-47
-44
-44
-33
-22
-7
-4
4
22
25
21
15
1
-12
-17
-25
-31
-36
-34
-30
-26
-23
-12
7
19
25
24
20
10
-4
-14
-20
-22
-25
-36
-38
-34
-33
-28
-13
-1
10
22
26
27
23
14
2
-5
-19
-28
-39
-48
-51
-50
-46
-31
-16
-3
12
21
26
28
26
24
14
-1
-12
-18
-34
-48
-48
-45
-37
-30
-18
-8
-1
8
8
10
11
16
7
0
4
-3
-20
-26
-26
-28
-26
-27
-18
-15
-11
-2
-6
0
4
3
1
-6
-14
-12
-16
-21
-17
-17
-9
-6
-7
-2
3
3
2
-3
-2
-3
-13
-24
-35
-38
-38
-30
-19
-9
-2
2
8
14
20
21
19
13
5
-2
-15
-26
-29
-43
-46
-51
-44
-35
-29
-17
0
18
29
33
33
29
25
16
5
-13
-24
-38
-53
-61
-62
-56
-45
-30
-12
4
17
27
40
45
46
39
22
5
-20
-37
-54
-62
-62
-56
-49
-37
-25
-7
9
25
33
40
42
34
20
4
-15
-34
-45
-56
-59
-54
-48
-41
-27
-7
14
31
40
43
42
34
20
5
-15
-35
-42
-52
-59
-65
-55
-50
-34
-9
13
34
48
51
47
37
19
4
-14
-36
-51
-57
-64
-68
-59
-41
-21
-2
9
27
38
43
42
41
27
10
-12
-32
-43
-51
-60
-61
-53
-43
-26
-13
1
14
35
45
37
33
25
8
-13
-27
-37
-48
-53
-53
-50
-37
-26
-11
10
25
34
39
39
31
13
-4
-17
-30
-46
-52
-56
-53
-49
-38
-24
-7
10
29
37
40
37
34
25
9
-14
-28
-44
-50
-59
-67
-65
-54
-38
-17
7
25
34
46
48
48
38
27
14
-3
-24
-42
-66
-78
-80
-69
-59
-43
-25
-2
18
31
51
58
57
55
41
18
-1
-25
-46
-66
-75
-82
-78
-68
-60
-39
-14
8
30
54
69
70
65
55
37
15
-15
-43
-67
-84
-97
-99
-87
-70
-50
-17
16
40
65
78
79
74
65
50
26
-8
-38
-67
-91
-105
-106
-96
-72
-44
-22
-3
25
47
64
73
73
67
50
26
-3
-32
-53
-66
-76
-79
-77
-71
-61
-39
-13
12
32
48
53
52
44
34
21
3
-9
-21
-31
-42
-46
-50
-48
-47
-36
-21
-13
-7
-4
7
7
5
8
9
11
8
4
4
-4
-6
-8
-11
-16
-25
-30
-30
-36
-36
-37
-26
-17
-17
-13
-8
1
16
28
31
23
17
13
5
-2
-8
-20
-28
-40
-44
-45
-48
-48
-38
-28
-11
3
11
22
30
30
28
23
19
14
-1
-15
-27
-40
-49
-53
-51
-43
-35
-31
-24
-13
0
7
20
27
35
37
35
22
6
-7
-14
-25
-37
-46
-50
-51
-52
-46
-32
-15
3
14
23
26
29
29
29
27
17
1
-21
-35
-43
-50
-60
-57
-48
-38
-29
-16
-5
7
19
33
44
42
32
20
2
-16
-26
-32
-32
-39
-44
-49
-50
-42
-32
-15
0
24
37
34
31
26
15
8
3
-6
-18
-33
-48
-63
-66
-57
-44
-29
-8
5
12
16
22
25
33
36
33
25
7
-16
-35
-54
-56
-57
-54
-48
-43
-35
-26
-20
-2
24
48
63
63
52
37
13
-8
-27
-38
-53
-61
-64
-74
-75
-60
-43
-21
2
31
49
55
58
53
46
36
24
6
-20
-44
-65
-82
-89
-83
-75
-59
-41
-16
5
30
52
59
62
65
60
43
25
0
-32
-55
-71
-82
-81
-75
-68
-48
-32
-9
21
38
50
56
55
49
42
19
-2
-24
-42
-58
-66
-66
-62
-49
-36
-29
-15
1
13
24
26
28
24
19
15
1
-12
-25
-33
-40
-37
-34
-29
-24
-11
0
6
11
11
6
-2
-5
-12
-18
-21
-20
-22
-15
-9
-5
-7
-5
-1
9
11
8
1
-1
-11
-24
-32
-36
-41
-37
-30
-26
-15
-1
4
7
14
16
14
16
13
15
2
-12
-20
-31
-35
-36
-37
-40
-34
-28
-17
-12
-3
11
20
25
23
19
11
-2
-15
-20
-21
-21
-22
-28
-37
-37
-36
-24
-13
-2
6
6
3
5
4
1
6
5
1
-10
-14
-22
-30
-32
-28
-26
-19
-13
-10
-5
-1
-3
3
1
0
2
5
-2
-12
-15
-20
-21
-23
-19
-9
-5
0
2
-5
0
-2
-4
-3
-2
-7
-21
-32
-32
-29
-23
-18
-11
-4
0
-3
-2
2
9
9
7
3
0
-12
-17
-23
-27
-25
-20
-26
-28
-25
-20
-13
-3
0
9
14
19
17
15
5
-9
-16
-23
-28
-36
-39
-38
-35
-29
-20
-12
3
8
15
15
14
15
12
11
5
-8
-21
-31
-39
-37
-41
-36
-30
-21
-10
-6
3
13
15
24
25
24
18
3
-14
-31
-40
-42
-44
-46
-38
-25
-13
-6
1
15
22
26
25
26
21
6
-12
-28
-34
-40
-49
-46
-43
-36
-26
-16
-4
15
25
26
29
23
12
2
-10
-19
-21
-27
-26
-35
-41
-38
-30
-23
-15
-2
5
10
11
10
7
5
2
0
-4
-2
-6
-14
-17
-22
-24
-21
-21
-23
-20
-22
-27
-27
-18
-10
-8
-2
4
11
19
22
19
17
14
0
-13
-25
-36
-49
-48
-48
-48
-41
-26
-14
0
19
22
31
37
33
24
13
0
-14
-27
-35
-41
-40
-42
-37
-33
-20
-14
-11
0
6
7
7
0
2
-1
-5
-5
-4
-1
-2
-1
-2
-5
-7
-9
-14
-24
-32
-37
-43
-44
-37
-25
-17
-10
-4
7
26
38
46
50
42
27
4
-22
-47
-62
-77
-84
-79
-71
-55
-38
-16
12
43
71
88
83
75
59
32
6
-23
-51
-75
-91
-100
-106
-97
-75
-44
-14
18
47
66
78
83
75
60
39
12
-17
-44
-72
-91
-98
-103
-92
-68
-42
-20
4
36
54
64
76
74
53
31
12
-14
-41
-65
-74
-76
-73
-63
-49
-30
-19
1
26
44
51
46
39
27
11
-9
-24
-35
-43
-43
-46
-42
-39
-30
-13
0
14
24
22
25
24
12
-3
-16
-20
-29
-36
-39
-35
-31
-22
-11
-5
4
12
17
16
14
6
-1
-6
-20
-25
-36
-43
-42
-39
-27
-17
-3
6
21
25
23
19
18
11
-1
-14
-26
-38
-48
-57
-47
-40
-26
-16
-4
7
21
30
34
29
24
17
9
-5
-23
-38
-52
-57
-60
-55
-40
-26
-11
4
7
22
38
42
35
28
17
1
-24
-41
-56
-63
-54
-43
-34
-24
-15
-2
6
16
28
40
33
24
7
-11
-28
-30
-36
-42
-39
-29
-28
-27
-16
-8
5
20
33
34
25
13
-3
-20
-23
-29
-33
-36
-44
-43
-36
-24
-16
-6
12
24
29
24
16
7
-2
-11
-16
-17
-21
-31
-37
-38
-32
-30
-20
-12
7
19
17
8
1
0
0
-3
1
-2
-7
-16
-19
-27
-29
-29
-28
-18
-16
-19
-18
-20
-13
-6
4
9
14
19
11
4
-2
-6
-8
-11
-15
-22
-23
-29
-40
-40
-32
-21
-10
3
8
12
13
6
8
7
2
3
-6
-14
-25
-28
-28
-26
-26
-24
-17
-12
-11
-10
1
2
2
2
-1
1
-4
-12
-16
-20
-18
-13
-5
-9
-2
2
-3
-11
-15
-14
-17
-20
-19
-28
-24
-18
-12
-6
-3
7
14
17
16
10
-1
-1
-7
-13
-24
-28
-29
-36
-41
-35
-26
-26
-15
3
18
20
26
24
16
12
0
-13
-22
-32
-36
-40
-44
-48
-39
-22
-9
1
13
16
13
20
17
12
2
-5
-13
-22
-29
-29
-30
-29
-25
-18
-13
-2
9
14
11
3
-2
-9
-14
-14
-17
-19
-22
-24
-24
-21
-14
-1
1
4
12
15
8
-4
-9
-14
-23
-28
-28
-26
-25
-26
-29
-18
-5
5
11
11
14
9
0
-4
-8
-13
-12
-16
-24
-27
-21
-22
-16
-10
1
6
8
6
-3
-11
-11
-13
-15
-19
-18
-19
-22
-21
-15
-14
-3
6
7
8
3
-4
-11
-16
-19
-15
-14
-19
-27
-31
-31
-24
-15
-5
2
11
26
25
17
16
13
-1
-11
-15
-26
-39
-47
-51
-46
-38
-30
-20
-3
11
24
26
27
32
31
19
8
-7
-24
-36
-47
-58
-55
-52
-43
-30
-17
-7
7
20
23
25
28
24
17
9
-5
-19
-29
-33
-35
-38
-30
-30
-28
-21
-15
-1
7
16
13
9
10
2
-1
-4
-8
-15
-19
-30
-30
-27
-26
-22
-17
-13
-8
0
1
-1
0
0
2
0
-6
-13
-11
-14
-14
-11
-7
-7
-7
-6
-10
-5
-11
-12
-11
-15
-18
-18
-20
-18
-10
-6
-1
-1
3
5
5
1
-5
-9
-7
-15
-18
-20
-25
-33
-28
-24
-20
-7
-7
3
7
11
5
-3
-5
-2
-9
-10
-17
-23
-26
-26
-31
-26
-14
-7
1
1
4
-3
-2
-1
0
-1
-2
-8
-11
-13
-19
-18
-10
-10
-9
-9
-10
-13
-12
-10
-10
-14
-14
-14
-16
-15
-14
-14
-15
-13
-4
3
7
9
0
-4
-1
-6
-8
-13
-14
-18
-25
-33
-37
-35
-28
-13
-4
7
11
21
18
15
11
2
2
-2
-10
-26
-40
-48
-46
-39
-34
-19
-7
3
11
13
20
15
15
18
12
-2
-7
-14
-23
-37
-42
-37
-43
-37
-33
-23
-13
-8
3
13
21
24
22
20
13
0
-9
-11
-20
-25
-27
-33
-34
-34
-27
-18
-17
-12
-2
9
6
9
11
14
8
-2
-2
-4
-12
-22
-28
-38
-39
-39
-31
-24
-15
-11
-3
0
3
14
18
18
16
8
1
-12
-18
-23
-27
-33
-30
-29
-28
-31
-23
-16
-3
6
20
18
17
10
-2
-5
-10
-13
-13
-19
-24
-30
-25
-20
-16
-12
-11
-6
1
3
-4
-5
-6
-8
-5
-13
-12
-16
-22
-15
-16
-18
-18
-11
1
7
6
3
-3
-8
-13
-16
-18
-19
-23
-23
-22
-20
-18
-2
19
20
20
16
10
1
-6
-14
-25
-25
-31
-35
-39
-47
-45
-27
-16
-1
15
24
29
31
24
22
14
5
-1
-15
-28
-48
-62
-62
-54
-48
-39
-19
-3
4
20
29
38
45
47
39
23
-1
-20
-42
-52
-54
-64
-67
-60
-46
-35
-19
3
25
40
48
53
47
34
25
4
-15
-33
-43
-54
-67
-66
-66
-55
-47
-20
7
26
36
42
43
40
39
22
6
-10
-24
-38
-56
-63
-63
-60
-47
-29
-7
9
15
23
25
28
36
32
22
9
-4
-20
-40
-51
-54
-52
-48
-43
-34
-21
-4
8
17
19
30
33
26
17
9
-6
-21
-32
-39
-42
-40
-40
-38
-29
-18
-5
6
16
22
26
20
18
12
-6
-17
-18
-25
-34
-38
-37
-35
-26
-22
-16
-8
4
16
24
19
15
4
-7
-16
-19
-23
-28
-28
-26
-25
-23
-20
-13
-3
9
13
13
17
10
0
-13
-19
-26
-23
-21
-27
-32
-31
-27
-16
-4
13
22
22
23
19
9
-8
-18
-24
-35
-34
-42
-44
-41
-40
-27
-11
7
24
30
35
35
26
16
8
0
-12
-30
-45
-57
-65
-62
-59
-45
-25
-6
9
20
33
42
46
41
34
28
9
-12
-37
-55
-64
-67
-62
-50
-41
-35
-26
-5
10
29
45
54
50
37
19
7
-13
-27
-38
-51
-58
-55
-55
-45
-34
-15
1
15
27
33
33
26
19
15
-2
-21
-36
-39
-44
-46
-43
-35
-19
-9
3
13
19
15
16
8
5
6
-11
-25
-30
-31
-34
-36
-26
-17
-5
-1
6
13
17
17
13
4
-7
-16
-24
-32
-42
-43
-39
-29
-18
-13
-4
3
14
24
25
17
16
9
-2
-16
-26
-34
-36
-37
-34
-32
-25
-17
-8
-2
2
13
15
15
10
5
5
0
-9
-20
-22
-18
-21
-26
-25
-22
-22
-20
-10
-6
-3
0
-3
-10
-10
-5
-4
-8
-7
-5
-7
-8
-11
-11
-7
-6
-15
-11
-7
-10
-12
-10
-11
-11
-17
-17
-15
-10
-11
-17
-19
-14
-6
-3
3
9
8
8
11
3
-8
-17
-23
-25
-32
-34
-34
-38
-36
-28
-13
-5
5
14
23
33
35
32
16
4
-9
-24
-35
-43
-46
-61
-59
-56
-42
-20
-4
11
20
35
39
39
36
31
19
1
-17
-32
-44
-55
-56
-53
-46
-38
-29
-17
-10
2
12
19
22
23
20
12
4
-5
-10
-12
-15
-20
-19
-14
-21
-24
-31
-33
-25
-24
-25
-14
-12
-9
-2
6
13
20
22
27
26
22
8
-8
-21
-33
-45
-50
-60
-60
-56
-45
-33
-16
4
23
34
50
56
48
34
20
4
-18
-35
-50
-64
-72
-69
-62
-49
-36
-14
10
26
34
41
48
41
33
18
6
-7
-24
-36
-47
-54
-52
-45
-34
-22
-16
-4
6
21
25
21
19
13
4
-11
-19
-29
-30
-34
-30
-23
-17
-11
-7
-3
-4
-5
-4
1
2
-4
-16
-25
-28
-24
-19
-12
-9
-2
-3
-4
-1
11
18
11
0
-5
-14
-21
-29
-37
-38
-37
-33
-28
-17
-12
0
10
19
21
25
20
11
-1
-7
-18
-30
-36
-36
-28
-31
-34
-27
-17
-5
0
8
11
20
24
21
12
1
-3
-11
-20
-25
-36
-34
-35
-38
-35
-24
-13
-1
11
19
16
18
14
7
3
2
-9
-19
-29
-37
-37
-34
-30
-28
-24
-18
-8
3
10
18
18
16
9
4
-7
-12
-14
-23
-32
-35
-32
-33
-31
-23
-17
-8
7
16
14
14
13
8
9
4
-6
-19
-28
-30
-31
-32
-30
-25
-22
-12
-6
-3
-1
6
11
9
10
8
0
-7
-11
-14
-26
-28
-27
-33
-35
-32
-24
-15
-8
-1
8
12
12
14
10
7
6
4
-8
-18
-17
-21
-30
-30
-31
-28
-24
-19
-9
-2
3
7
10
10
10
6
3
0
-10
-23
-27
-32
-32
-36
-33
-25
-18
-14
-1
4
6
13
16
15
14
7
-7
-11
-19
-26
-28
-33
-40
-36
-30
-25
-13
1
4
12
13
15
12
15
4
-3
-12
-24
-30
-30
-34
-35
-32
-26
-16
-10
-2
-3
4
19
22
17
11
10
3
-11
-19
-23
-31
-34
-28
-30
-27
-29
-22
-15
-4
4
11
10
5
9
10
3
-2
-5
-11
-14
-18
-28
-30
-30
-31
-27
-23
-13
-9
-6
-8
0
0
6
15
12
11
4
-3
-9
-12
-19
-17
-18
-27
-38
-36
-28
-20
-14
-10
-5
-2
4
7
12
10
10
7
6
0
-7
-16
-26
-26
-24
-25
-26
-24
-21
-20
-16
-16
-15
-5
-3
3
15
13
8
7
-2
-4
-4
-12
-11
-13
-18
-21
-29
-38
-36
-34
-27
-24
-17
-5
3
7
14
18
26
24
20
12
-5
-17
-27
-36
-45
-47
-49
-42
-36
