# 2019-09-17 11:38:19.407262
# resolution = 4
# velocity = 3
# LP filter = 5
# HP filter = 2
# gain = 1

# direction: 0
-47
-39
-33
-16
-1
12
21
18
19
21
20
16
7
-5
-7
-17
-26
-28
-33
-35
-35
-25
-15
-14
-16
-14
-9
-9
-4
3
12
12
12
5
-4
-2
-3
-5
-9
-17
-25
-26
-27
-30
-34
-32
-24
-16
-12
-5
0
0
7
12
13
11
15
11
-3
-10
-19
-21
-24
-28
-31
-33
-30
-25
-21
-14
-7
1
7
9
11
10
6
5
1
-1
-7
-8
-13
-20
-24
-33
-33
-30
-24
-24
-22
-23
-15
-7
-2
11
20
22
22
17
3
-8
-11
-16
-23
-26
-35
-41
-43
-39
-29
-15
-2
6
16
24
18
13
15
15
6
-4
-15
-29
-36
-37
-41
-40
-32
-31
-25
-9
0
6
10
19
23
19
13
0
-8
-17
-23
-27
-32
-32
-29
-28
-26
-19
-9
3
14
22
17
19
19
7
-2
-14
-20
-22
-29
-30
-32
-33
-31
-24
-15
-9
-3
1
6
12
9
13
8
4
-1
-9
-17
-29
-35
-35
-32
-32
-29
-20
-13
-12
-2
3
6
13
19
12
10
6
-4
-9
-14
-21
-30
-31
-36
-34
-28
-23
-20
-12
0
5
10
13
15
18
14
8
4
-5
-16
-24
-33
-35
-39
-32
-30
-25
-18
-7
-2
5
12
16
15
14
9
-2
-5
-14
-24
-30
-37
-36
-36
-30
-18
-16
-9
-3
4
13
15
19
24
16
3
-4
-14
-22
-35
-39
-43
-38
-34
-28
-22
-12
-1
13
18
19
29
30
16
3
-8
-15
-19
-29
-41
-48
-46
-43
-39
-29
-17
1
10
22
29
27
17
16
12
7
-6
-16
-23
-30
-39
-51
-47
-41
-33
-17
-5
5
11
18
21
20
16
12
8
-3
-17
-26
-30
-35
-38
-37
-30
-18
-8
-2
-1
-3
0
5
6
0
-7
-11
-18
-22
-22
-22
-18
-6
3
4
8
5
3
0
-2
-3
-14
-22
-28
-34
-41
-45
-45
-30
-6
9
15
27
33
31
28
26
21
2
-11
-29
-46
-60
-70
-73
-66
-53
-35
-16
9
29
38
49
53
55
54
34
9
-17
-39
-57
-74
-78
-75
-66
-48
-33
-17
3
27
43
48
50
48
36
18
11
-5
-27
-44
-48
-48
-52
-54
-50
-35
-18
-7
2
7
12
15
15
12
12
10
8
2
-4
-13
-17
-20
-21
-21
-20
-19
-25
-32
-36
-33
-34
-34
-27
-13
8
20
24
30
32
36
34
18
4
-10
-27
-40
-52
-60
-65
-60
-51
-35
-15
1
14
26
34
44
44
36
24
8
-8
-29
-40
-50
-51
-54
-55
-44
-30
-18
-5
8
19
24
25
28
21
19
6
-11
-15
-23
-26
-31
-32
-35
-31
-23
-15
-9
-9
-2
-1
1
2
-1
-6
-10
-6
-6
-11
-8
-8
-7
-12
-11
-9
-11
-8
-6
-5
-8
-7
-10
-19
-20
-18
-18
-16
-9
-11
-8
-10
-8
-13
-9
0
5
10
8
2
-4
-8
-16
-16
-22
-21
-23
-31
-38
-31
-21
-12
-4
-3
9
21
21
18
16
7
-5
-12
-18
-27
-37
-43
-41
-42
-36
-18
-5
-3
11
23
15
17
15
12
8
-3
-12
-23
-32
-42
-46
-36
-29
-16
-8
1
11
18
19
16
14
7
-6
-12
-25
-32
-41
-45
-45
-32
-16
-5
9
21
28
30
26
20
9
-14
-30
-41
-47
-51
-53
-46
-41
-31
-16
-5
21
35
45
45
45
39
18
-2
-16
-36
-51
-58
-64
-68
-70
-52
-29
-11
10
29
42
47
51
47
38
26
14
-8
-31
-52
-69
-78
-79
-65
-51
-30
-12
7
21
29
35
42
37
37
29
17
-6
-34
-51
-60
-55
-46
-38
-33
-31
-23
-10
2
20
32
36
33
22
10
-6
-18
-26
-33
-36
-39
-35
-39
-34
-25
-10
4
17
25
23
22
13
-4
-17
-20
-22
-27
-32
-31
-29
-29
-22
-5
4
13
25
24
16
7
-2
-11
-22
-25
-29
-32
-34
-36
-33
-34
-20
-3
14
19
28
28
26
20
9
-3
-14
-25
-37
-41
-46
-47
-41
-35
-24
-9
3
16
24
24
28
23
13
0
-8
-16
-30
-38
-47
-52
-56
-48
-37
-20
-2
13
28
35
35
31
26
21
14
-3
-16
-32
-43
-50
-57
-57
-53
-39
-26
-6
10
16
26
36
44
47
35
20
10
-16
-46
-62
-68
-68
-71
-60
-41
-26
-12
4
24
41
49
63
64
47
25
0
-19
-40
-62
-67
-71
-67
-66
-63
-46
-24
2
27
51
61
58
51
38
20
5
-6
-23
-47
-61
-72
-76
-72
-57
-38
-18
10
24
28
31
39
48
43
33
16
-4
-17
-38
-59
-67
-62
-54
-37
-27
-16
-5
9
20
27
25
25
28
18
0
-7
-22
-32
-34
-34
-35
-34
-30
-26
-20
-11
-3
6
14
21
18
9
-2
-10
-12
-19
-21
-18
-23
-24
-21
-15
-14
-4
4
10
7
-6
-9
-11
-22
-25
-24
-21
-22
-17
-19
-17
-8
-2
5
14
14
15
10
1
-7
-16
-26
-31
-33
-31
-33
-26
-23
-18
-10
2
9
15
13
13
8
7
3
-4
-15
-21
-31
-36
-37
-39
-37
-33
-19
-6
5
11
16
18
21
17
10
-1
0
-3
-11
-17
-28
-34
-37
-34
-34
-30
-23
-14
-11
-3
7
12
20
22
20
14
4
-6
-17
-27
-32
-34
-35
-37
-36
-34
-32
-23
-7
6
17
27
27
27
26
16
6
-6
-18
-20
-25
-34
-40
-45
-45
-44
-32
-18
-7
0
8
18
22
24
21
18
16
5
-11
-27
-39
-41
-45
-43
-35
-25
-21
-13
-7
1
6
13
21
25
14
4
-6
-14
-23
-23
-21
-25
-17
-17
-16
-17
-17
-13
-5
5
7
4
-4
-7
-15
-16
-15
-13
-13
-11
-10
-9
-11
-7
-7
-7
-3
-3
-8
-12
-18
-22
-21
-21
-19
-16
-13
-14
-8
-1
-4
4
9
14
5
-1
-6
-20
-24
-23
-27
-25
-23
-18
-18
-12
-4
0
1
5
10
11
7
2
-10
-14
-20
-22
-25
-22
-20
-16
-13
-16
-19
-14
-10
1
5
1
2
-7
-14
-14
-11
-10
-8
-12
-12
-11
-15
-11
-8
-7
-9
-9
-7
-11
-12
-10
-17
-19
-14
-9
-5
-6
-7
-3
5
5
6
6
1
-9
-23
-31
-30
-34
-33
-29
-24
-21
-15
-7
2
13
23
27
28
21
13
7
-11
-23
-38
-48
-49
-51
-49
-45
-35
-19
1
19
28
34
32
34
31
26
15
-3
-23
-33
-48
-58
-61
-54
-47
-33
-22
-7
2
9
23
33
39
40
29
11
-10
-30
-41
-39
-43
-39
-37
-34
-30
-24
-14
0
13
26
25
23
17
7
-8
-16
-19
-26
-23
-19
-23
-25
-25
-22
-16
-6
5
10
9
8
2
-5
-11
-14
-20
-21
-19
-21
-26
-24
-18
-11
-3
3
13
12
3
-3
-9
-14
-22
-23
-23
-20
-18
-23
-23
-20
-12
-2
11
20
19
10
-1
-10
-14
-13
-16
-16
-24
-26
-26
-23
-22
-16
-8
1
11
20
12
3
-1
-12
-17
-23
-25
-22
-21
-19
-24
-21
-6
6
12
19
17
7
-1
-12
-20
-24
-33
-39
-46
-38
-33
-27
-16
-3
12
22
34
37
28
19
6
-5
-18
-37
-47
-50
-46
-42
-33
-29
-21
-8
5
15
25
32
26
25
16
4
-12
-22
-30
-29
-34
-36
-33
-31
-28
-21
-13
1
10
11
9
13
8
-4
-12
-18
-24
-21
-15
-14
-14
-11
-12
-9
-5
-3
-1
-7
-11
-15
-18
-21
-27
-18
-9
-5
-3
4
1
3
5
10
6
6
2
-11
-22
-30
-38
-42
-40
-29
-16
-6
-9
-5
0
2
8
18
21
16
15
2
-12
-23
-31
-31
-27
-23
-20
-21
-25
-26
-22
-11
0
5
12
15
4
-4
-7
-3
-2
-2
-1
-6
-18
-26
-33
-27
-25
-25
-22
-14
-16
-19
-17
-9
-1
7
16
23
25
14
-2
-13
-22
-22
-28
-27
-33
-38
-43
-35
-18
-2
13
28
35
33
24
7
-5
-11
-22
-28
-32
-37
-42
-47
-45
-36
-23
0
22
26
33
31
23
11
0
-7
-14
-28
-40
-49
-55
-49
-45
-34
-10
14
30
33
33
33
24
17
7
-2
-15
-32
-49
-61
-64
-59
-45
-29
-13
1
22
33
40
35
31
24
15
2
-14
-31
-48
-56
-62
-58
-47
-31
-11
2
12
19
25
30
31
27
23
9
-5
-26
-43
-45
-50
-49
-48
-38
-27
-12
3
17
23
20
23
25
17
-2
-13
-22
-30
-41
-42
-35
-30
-23
-14
-2
6
13
21
26
15
4
-4
-10
-18
-30
-43
-50
-44
-33
-25
-12
-5
8
22
34
42
34
20
5
-12
-23
-40
-55
-62
-66
-64
-58
-44
-23
3
32
52
66
65
55
43
28
9
-12
-40
-57
-74
-92
-101
-95
-72
-47
-21
16
41
65
80
85
84
72
47
17
-19
-50
-80
-105
-112
-109
-96
-77
-51
-20
11
41
67
91
100
93
78
49
14
-16
-52
-76
-92
-108
-105
-99
-80
-51
-25
9
42
65
80
78
73
60
34
10
-14
-38
-55
-73
-79
-78
-72
-59
-37
-16
4
20
32
34
29
29
17
13
9
-5
-13
-24
-28
-27
-27
-23
-15
-14
-13
-10
-13
-16
-20
-20
-20
-15
-13
-8
-5
3
6
10
20
20
16
12
2
-13
-29
-38
-42
-50
-51
-47
-35
-27
-15
2
15
25
29
32
28
27
16
6
-7
-28
-37
-44
-50
-45
-41
-32
-24
-13
-1
5
9
12
12
14
7
5
-2
-10
-8
-11
-21
-22
-18
-12
-11
-13
-20
-21
-20
-17
-18
-14
-15
-17
-13
-5
4
10
11
15
12
9
0
-8
-14
-24
-34
-41
-43
-37
-35
-36
-25
-8
5
21
28
31
30
22
8
3
0
-14
-31
-37
-47
-54
-53
-41
-30
-14
5
21
25
27
25
19
16
7
-4
-15
-30
-38
-51
-51
-44
-28
-16
-7
4
9
13
20
22
19
17
7
-2
-11
-25
-40
-51
-45
-35
-25
-25
-21
-14
-7
3
12
21
21
18
12
3
1
-6
-17
-27
-33
-39
-35
-33
-30
-23
-11
-1
2
10
18
16
12
2
-2
-3
-3
-5
-18
-29
-36
-36
-40
-36
-22
-14
-8
3
5
2
2
5
5
1
6
6
1
-12
-20
-29
-29
-24
-18
-17
-11
-7
-10
-5
0
3
3
-6
-8
-15
-19
-23
-25
-18
-17
-16
-11
-5
-1
1
4
7
6
5
5
3
-7
-20
-31
-38
-35
-28
-24
-17
-12
-12
-9
-2
1
4
14
20
18
16
9
-4
-16
-22
-31
-32
-38
-43
-37
-33
-29
-22
-12
7
18
22
22
25
17
7
-4
-14
-16
-24
-32
-31
-38
-45
-35
-27
-19
-9
0
7
12
19
20
17
10
4
-1
-4
-16
-23
-23
-33
-37
-33
-25
-19
-9
-4
6
10
7
2
1
-4
-11
-22
-27
-30
-29
-23
-22
-12
0
12
18
22
21
16
6
-7
-26
-38
-45
-51
-50
-53
-40
-26
-16
-1
14
35
46
48
44
39
27
12
-13
-30
-48
-62
-74
-79
-75
-68
-51
-31
-5
23
46
59
73
72
52
36
24
0
-24
-43
-60
-80
-92
-95
-84
-63
-37
-7
21
43
60
63
62
63
55
42
23
-11
-38
-60
-78
-84
-86
-73
-58
-42
-30
-14
3
27
43
58
68
63
48
29
-2
-27
-44
-51
-58
-63
-70
-65
-64
-50
-29
-7
17
40
57
62
56
37
18
7
-7
-18
-27
-35
-51
-66
-71
-67
-48
-25
-9
9
18
21
24
30
33
34
32
18
4
-11
-34
-49
-60
-58
-52
-48
-40
-28
-21
-11
2
20
36
47
46
35
26
9
-9
-24
-35
-46
-50
-58
-60
-56
-44
-26
-7
10
27
36
39
38
41
29
18
6
-5
-21
-40
-55
-66
-68
-60
-50
-32
-18
-2
12
21
33
41
40
38
29
15
-3
-23
-38
-45
-48
-46
-53
-51
-49
-45
-29
-12
2
16
23
34
37
34
27
18
13
3
-16
-30
-39
-48
-56
-51
-43
-37
-31
-20
-8
-2
12
25
34
40
38
24
10
1
-14
-21
-24
-33
-34
-37
-38
-41
-45
-32
-20
-11
-3
6
9
18
22
19
14
12
8
0
-9
-21
-24
-26
-28
-27
-27
-28
-22
-21
-25
-22
-20
-18
-13
-6
-2
9
13
23
25
24
24
18
14
-1
-20
-32
-41
-57
-68
-68
-63
-52
-39
-15
4
24
43
59
64
60
49
33
21
-2
-30
-54
-73
-86
-92
-98
-85
-60
-32
-1
24
45
62
79
84
77
64
40
12
-21
-49
-78
-97
-107
-109
-95
-73
-42
-16
20
46
68
81
86
85
70
42
12
-21
-58
-77
-96
-106
-101
-88
-69
-44
-19
13
41
62
68
70
71
60
41
19
-9
-35
-56
-71
-86
-90
-83
-66
-48
-31
-4
26
42
51
58
63
62
45
28
2
-28
-53
-72
-78
-84
-77
-59
-43
-26
-8
9
32
51
53
51
50
41
17
-2
-19
-40
-55
-62
-62
-58
-53
-43
-36
-15
9
29
41
44
41
36
23
11
-8
-26
-40
-46
-56
-62
-61
-48
-33
-11
9
27
36
44
40
33
20
8
-13
-32
-46
-54
-61
-61
-54
-38
-20
-4
14
29
40
46
45
37
19
-3
-22
-38
-53
-59
-56
-61
-49
-32
-21
-5
13
33
42
48
48
40
22
3
-17
-42
-59
-68
-63
-61
-53
-44
-30
-12
13
33
49
56
51
42
27
6
-19
-43
-60
-74
-73
-65
-57
-44
-21
1
22
34
45
50
45
35
20
8
-11
-30
-44
-61
-66
-68
-63
-47
-22
2
21
39
45
46
40
28
17
11
-3
-24
-48
-64
-74
-72
-59
-45
-25
-10
3
21
32
39
41
40
37
20
2
-15
-35
-58
-63
-63
-59
-48
-38
-25
-11
7
24
30
31
33
28
23
18
1
-15
-25
-31
-37
-40
-42
-39
-34
-28
-17
-5
8
17
14
14
11
10
4
0
-12
-15
-17
-26
-31
-28
-24
-14
-11
-6
-6
-4
-4
-3
2
-4
-8
-8
-19
-21
-20
-18
-12
-6
-1
4
5
2
3
6
1
-4
-12
-21
-30
-38
-37
-36
-33
-23
-14
-8
-2
6
11
16
23
21
23
17
5
-15
-26
-37
-44
-48
-47
-39
-33
-24
-16
0
14
28
33
37
32
20
7
-10
-25
-35
-45
-49
-45
-41
-35
-29
-15
-7
4
21
27
23
25
18
1
-13
-20
-31
-33
-35
-35
-32
-26
-18
-8
-7
5
18
24
24
13
3
-8
-18
-26
-32
-34
-42
-38
-33
-19
-7
2
12
24
29
27
21
9
-6
-17
-35
-41
-49
-55
-46
-35
-28
-21
-8
11
29
42
40
33
25
12
-1
-17
-35
-42
-55
-64
-61
-53
-43
-34
-12
12
30
44
53
50
41
31
16
-1
-16
-28
-43
-57
-63
-69
-61
-49
-42
-16
3
24
39
45
45
45
45
38
17
-6
-28
-48
-58
-69
-72
-65
-52
-43
-31
-16
-6
10
26
37
42
49
46
37
24
5
-14
-30
-48
-56
-65
-67
-65
-58
-40
-18
-3
12
36
43
47
47
41
32
20
-1
-23
-36
-45
-59
-69
-68
-60
-48
-33
-18
-3
15
30
43
48
47
34
26
17
1
-16
-34
-52
-58
-61
-63
-60
-42
-24
-10
6
18
29
38
39
32
21
11
2
-10
-26
-30
-42
-55
-58
-51
-35
-25
-7
11
15
13
14
20
27
21
17
8
-10
-21
-37
-46
-54
-46
-44
-34
-24
-17
-7
4
18
29
29
28
24
18
4
-16
-28
-32
-40
-51
-53
-49
-41
-30
-16
-4
13
31
41
44
35
26
18
11
-9
-23
-36
-49
-55
-66
-65
-57
-44
-26
-11
4
21
40
55
63
55
46
30
16
-10
-37
-55
-72
-84
-81
-78
-63
-43
-27
-7
12
36
54
70
75
61
40
20
0
-24
-45
-54
-60
-65
-69
-70
-59
-46
-29
-12
11
24
35
47
45
43
35
26
14
1
-20
-41
-49
-62
-59
-52
-46
-38
-27
-13
-5
2
14
20
22
24
26
17
10
-2
-8
-9
-13
-17
-20
-26
-33
-38
-35
-32
-27
-21
-12
-4
1
-3
-1
8
7
10
11
7
4
-4
-6
-8
-11
-17
-17
-20
-26
-26
-25
-29
-31
-29
-27
-23
-12
-7
-2
12
16
23
26
28
27
20
8
-11
-27
-40
-48
-57
-59
-56
-45
-30
-17
-6
5
27
39
43
44
38
23
13
-1
-23
-39
-54
-60
-59
-54
-47
-36
-21
-7
6
20
34
39
39
29
16
1
-21
-33
-37
-46
-53
-46
-35
-28
-16
1
8
14
15
21
18
10
1
-9
-25
-33
-32
-22
-18
-18
-14
-11
-7
-1
1
1
1
-2
-8
-10
-13
-19
-21
-14
-14
-11
-9
-7
-8
-10
-15
-11
-6
-5
-2
-7
-14
-15
-14
-12
-4
-2
7
8
6
-3
-6
-9
-14
-15
-22
-31
-39
-40
-38
-33
-26
-18
-4
11
29
41
42
37
29
18
7
-4
-27
-52
-69
-81
-79
-74
-63
-39
-17
6
31
46
59
59
58
54
46
26
7
-22
-45
-69
-83
-89
-84
-71
-56
-34
-14
3
22
37
56
70
73
59
39
20
-5
-27
-49
-64
-72
-79
-83
-72
-59
-43
-25
1
23
38
45
50
43
37
31
19
9
-3
-18
-33
-49
-55
-59
-54
-44
-32
-22
-10
-2
7
13
12
19
21
27
23
15
1
-13
-22
-29
-24
-26
-27
-34
-35
-35
-28
-25
-20
-16
-9
6
9
7
13
24
18
18
18
12
3
-11
-27
-37
-46
-54
-53
-49
-45
-38
-22
-1
16
30
45
49
46
34
18
7
-4
-28
-45
-55
-63
-63
-59
-50
-29
-14
1
26
37
40
36
36
27
9
-11
-31
-40
-51
-57
-56
-51
-43
-24
-2
10
20
30
39
42
34
21
2
-12
-36
-51
-59
-68
-61
-47
-31
-9
4
22
33
40
44
41
30
18
4
-21
-43
-58
-67
-70
-64
-47
-30
-11
2
17
29
41
45
40
30
18
3
-13
-31
-44
-50
-55
-50
-45
-39
-25
-13
1
11
18
24
28
24
16
8
1
-6
-16
-28
-35
-37
-34
-29
-23
-15
-12
-12
-5
0
-1
3
8
9
0
-12
-9
-5
-7
-13
-11
-6
-9
-16
-23
-25
-31
-32
-31
-24
-14
-12
-6
-2
6
7
7
6
9
6
1
-4
-14
-16
-30
-36
-33
-37
-29
-16
-2
0
4
12
16
16
14
8
1
-4
-17
-32
-36
-35
-35
-25
-17
-16
-10
0
12
14
14
18
16
6
-4
-17
-26
-35
-41
-49
-45
-32
-17
-9
4
11
16
22
24
17
14
10
0
-20
-32
-46
-47
-46
-32
-28
-18
-7
2
7
12
21
25
20
16
6
-11
-26
-31
-36
-35
-34
-31
-26
-16
-12
-8
1
2
11
21
21
17
13
3
-13
-18
-29
-37
-38
-38
-30
-26
-23
-19
-8
-2
8
12
12
19
15
6
0
-1
1
-11
-18
-24
-29
-33
-40
-38
-37
-34
-20
-11
0
9
8
12
17
22
24
26
19
3
-12
-28
-45
-54
-55
-48
-40
-35
-25
-16
-8
7
22
32
35
30
29
21
7
-8
-20
-26
-34
-40
-43
-45
-46
-49
-42
-23
-5
12
14
21
22
24
16
11
12
9
2
-4
-15
-26
-41
-46
-47
-39
-21
-12
-14
-12
-11
-8
-3
2
12
19
20
15
4
-2
-10
-18
-18
-11
-13
-21
-29
-40
-43
-44
-38
-26
-8
5
12
19
18
11
12
13
13
12
5
-5
-18
-25
-37
-40
-36
-32
-26
-22
-20
-18
-14
-10
3
14
26
28
23
14
7
-3
-14
-15
-18
-24
-34
-43
-44
-37
-30
-20
-14
-9
0
7
5
5
10
16
15
9
2
-4
-9
-16
-22
-28
-31
-36
-35
-33
-31
-22
-18
-8
4
16
16
16
19
19
13
6
-2
-9
-21
-32
-44
-49
-43
-34
-23
-10
-5
6
18
17
17
19
19
14
2
-15
-24
-29
-38
-41
-37
-32
-26
-21
-20
-18
-1
19
25
20
16
20
15
-2
-18
-25
-33
-37
-37
-33
-30
-28
-23
-16
-6
5
21
30
25
19
12
-6
-17
-17
-26
-31
-24
-26
-27
-21
-21
-17
-9
-6
-4
2
3
3
4
3
-5
-4
-1
-9
-12
-20
-26
-28
-33
-25
-19
-18
-15
-8
-3
3
7
20
19
11
-3
-8
-12
-13
-19
-24
-29
-30
-28
-25
-21
-15
-6
-1
6
12
17
17
9
3
-2
-10
-16
-21
-31
-39
-39
-42
-42
-33
-20
-4
8
23
33
33
27
22
18
10
-1
-20
-45
-59
-67
-59
-54
-45
-23
-11
11
28
41
47
40
30
23
10
0
-22
-44
-55
-69
-66
-60
-53
-36
-16
-2
14
34
42
45
46
40
26
7
-12
-31
-54
-65
-61
-56
-50
-40
-26
-12
10
26
44
46
46
37
18
-6
-26
-37
-53
-60
-57
-54
-46
-30
-10
1
21
31
39
41
35
23
1
-12
-28
-49
-54
-57
-52
-46
-35
-23
-6
9
22
34
39
39
41
30
12
-8
-27
-44
-53
-62
-67
-60
-47
-37
-23
3
19
32
40
43
43
34
18
7
-12
-28
-45
-55
-55
-53
-49
-44
-32
-17
-6
4
22
28
29
30
20
11
3
-7
-17
-23
-28
-31
-34
-35
-34
-30
-26
-24
-10
-3
1
7
18
20
15
9
9
6
-2
-8
-11
-17
-25
-37
-39
-36
-30
-25
-17
-17
-15
-7
3
5
12
20
18
16
17
8
-2
-14
-24
-30
-41
-45
-42
-42
-39
-35
-22
-2
12
24
36
34
30
22
12
0
-14
-20
-31
-39
-48
-54
-47
-41
-27
-6
8
16
16
23
27
22
16
11
8
-3
-14
-31
-46
-50
-47
-50
-37
-28
-15
0
13
18
26
26
20
14
2
-11
-17
-31
-39
-41
-42
-35
-23
-8
-1
6
14
23
21
18
15
4
-9
-18
-28
-37
-49
-51
-42
-31
-19
-10
0
13
22
23
22
28
23
16
8
-12
-27
-40
-53
-62
-66
-60
-48
-31
-21
-3
14
39
50
55
54
48
38
18
-7
-30
-54
-70
-74
-82
-75
-59
-46
-33
-15
8
29
45
56
64
67
58
35
9
-13
-28
-40
-58
-75
-85
-84
-76
-63
-50
-28
2
31
50
64
74
70
61
50
26
2
-27
-50
-76
-93
-93
-86
-77
-58
-41
-20
6
26
49
61
71
71
59
38
18
-8
-32
-48
-58
-64
-67
-66
-65
-56
-41
-21
-5
27
42
50
47
43
34
21
4
-8
-24
-38
-55
-60
-60
-52
-40
-24
-7
10
15
21
19
17
12
9
-1
-11
-18
-21
-33
-39
-31
-16
-7
-1
4
9
10
10
7
3
-4
-7
-17
-29
-37
-43
-44
-37
-28
-17
-6
7
21
28
35
27
19
14
6
-9
-31
-45
-55
-61
-63
-52
-44
-25
-8
10
27
42
48
48
40
27
16
3
-18
-42
-55
-61
-65
-64
-54
-40
-25
-7
8
23
30
41
40
33
26
14
-7
-24
-33
-40
-48
-50
-46
-42
-38
-25
-9
-4
6
18
22
18
25
-49
-40
-26
-14
-7
-5
0
0
-2
-4
0
2
1
11
18
16
16
13
5
-8
-25
-45
-62
-78
-74
-60
-37
-10
21
44
54
57
48
33
12
-7
-30
-54
-59
-63
-55
-43
-25
-3
11
16
19
15
2
-10
-23
-24
-21
-9
-4
6
14
23
15
9
-7
-24
-33
-45
-49
-50
-48
-30
-9
9
26
38
43
35
17
5
-12
-27
-35
-43
-41
-36
-18
-8
-3
2
-5
-16
-28
-37
-37
-38
-28
-5
17
28
36
41
36
17
0
-19
-38
-53
-57
-53
-43
-25
-1
16
32
36
35
22
12
-7
-25
-47
-53
-48
-40
-23
-7
11
30
39
35
25
5
-20
-43
-52
-56
-54
-43
-31
-16
-1
12
15
15
7
-4
-12
-12
-6
-2
8
16
19
17
5
-12
-28
-53
-70
-73
-72
-67
-45
-14
21
52
75
93
95
70
35
-3
-45
-79
-102
-109
-106
-87
-53
-18
7
30
48
59
54
48
33
17
4
-9
-20
-23
-22
-22
-25
-35
-50
-61
-65
-58
-51
-37
-15
15
37
60
75
74
70
51
18
-18
-61
-87
-103
-102
-89
-60
-27
2
31
43
54
51
45
31
6
-14
-29
-39
-43
-31
-17
-2
9
10
6
-9
-32
-48
-57
-50
-40
-27
-5
12
28
40
42
37
20
0
-26
-47
-63
-69
-55
-35
-13
6
24
25
15
4
0
-8
-19
-27
-35
-33
-17
1
25
36
44
40
28
13
-16
-42
-61
-71
-73
-68
-50
-26
-6
15
34
40
39
32
14
-8
-29
-44
-43
-34
-21
-7
3
3
-3
-16
-30
-41
-48
-43
-33
-18
1
21
38
51
55
53
41
24
-9
-40
-69
-88
-80
-65
-47
-27
-5
13
27
36
37
35
21
17
7
-13
-24
-26
-29
-28
-20
-16
-17
-20
-30
-48
-58
-55
-44
-26
-5
18
35
48
53
43
29
15
-6
-22
-45
-62
-69
-73
-58
-33
-7
18
34
38
28
16
10
-4
-5
5
8
13
12
5
-6
-20
-28
-34
-47
-50
-52
-50
-44
-39
-19
5
23
36
43
31
18
1
-24
-33
-40
-37
-39
-40
-35
-28
-19
-4
13
26
27
22
12
2
-9
-12
-12
0
10
16
7
-8
-17
-30
-41
-43
-34
-21
-9
-2
14
27
31
22
8
-11
-31
-55
-76
-79
-77
-59
-32
1
33
52
59
52
30
13
-9
-23
-33
-38
-41
-40
-31
-24
-9
1
2
9
-3
-19
-19
-15
-7
6
18
25
32
31
17
-2
-19
-39
-56
-70
-77
-78
-63
-42
-11
25
55
80
87
72
46
7
-33
-57
-72
-74
-63
-48
-26
-1
15
18
12
-2
-16
-33
-48
-54
-46
-24
13
44
69
87
77
51
12
-36
-81
-111
-121
-120
-100
-61
-22
21
59
94
105
102
85
49
2
-35
-65
-81
-74
-51
-29
-10
3
6
-2
-24
-41
-57
-66
-66
-52
-24
5
45
87
120
125
106
59
-1
-69
-137
-179
-186
-155
-104
-39
27
80
117
133
123
93
49
-1
-56
-97
-116
-102
-69
-26
16
47
55
43
17
-21
-55
-80
-88
-78
-49
-4
38
81
116
126
119
87
25
-53
-131
-185
-206
-195
-149
-78
9
91
149
166
153
118
62
-4
-65
-103
-126
-122
-93
-52
-3
42
65
68
43
-7
-61
-110
-132
-123
-79
-15
56
120
169
190
174
133
65
-25
-108
-179
-223
-230
-203
-138
-43
50
120
166
171
137
75
4
-69
-129
-151
-140
-99
-48
20
76
121
126
96
38
-33
-110
-171
-200
-186
-131
-41
53
140
203
219
195
125
32
-70
-159
-223
-238
-205
-131
-29
77
178
237
250
220
147
50
-50
-143
-204
-235
-226
-182
-117
-38
33
78
86
61
6
-62
-118
-134
-112
-56
27
121
209
259
250
200
109
-10
-128
-232
-302
-321
-291
-201
-75
68
201
291
325
289
196
63
-79
-192
-264
-281
-248
-181
-89
6
99
167
198
193
152
75
-27
-125
-190
-209
-184
-120
-35
50
115
149
137
82
9
-76
-142
-174
-161
-104
-12
101
218
305
339
292
175
17
-164
-332
-445
-476
-434
-329
-170
-2
151
251
299
295
231
141
42
-61
-132
-157
-138
-71
30
144
248
307
311
261
165
36
-108
-247
-360
-419
-440
-418
-356
-284
-210
-139
-83
-51
-18
11
65
147
261
399
555
686
771
770
656
431
112
-248
-589
-848
-989
-988
-856
-629
-346
-62
191
375
481
496
416
246
20
-206
-385
-453
-378
-150
187
558
903
1148
1247
1167
904
451
-154
-855
-1583
-2213
-2626
-2785
-2683
-2384
-1973
-1429
-615
644
2518
4944
7452
9257
9565
7757
3888
-1319
-6762
-10993
-12985
-12377
-9420
-5043
-298
3882
6755
7961
7616
6048
3789
1432
-610
-2004
-2650
-2631
-2136
-1417
-715
-179
137
250
235
182
143
125
111
85
29
-72
-188
-283
-328
-290
-177
-2
218
447
662
812
878
831
656
372
14
-374
-719
-971
-1093
-1072
-912
-665
-371
-73
169
340
430
439
393
311
222
157
128
141
174
206
231
222
171
82
-34
-158
-258
-332
-356
-322
-249
-144
-30
59
112
121
81
14
-67
-142
-184
-186
-149
-73
39
158
275
366
402
374
288
143
-39
-223
-366
-457
-470
-398
-267
-109
57
195
279
296
260
178
67
-51
-148
-203
-202
-150
-64
29
106
151
151
101
22
-64
-136
-175
-174
-128
-54
26
111
174
207
203
155
71
-41
-158
-259
-315
-311
-241
-127
17
159
266
321
312
248
142
14
-118
-228
-307
-333
-305
-231
-127
-1
118
199
223
197
136
55
-22
-83
-106
-82
-29
37
97
141
152
125
66
-16
-112
-192
-245
-249
-212
-130
-33
67
155
197
196
155
84
-7
-102
-177
-221
-223
-183
-111
-24
74
159
201
200
159
89
3
-81
-146
-174
-158
-111
-47
24
76
113
123
100
49
-17
-85
-145
-171
-157
-102
-19
71
152
204
212
174
102
11
-86
-167
-221
-243
-228
-176
-106
-29
53
121
164
170
139
84
17
-51
-97
-114
-99
-57
-7
38
68
72
55
16
-30
-79
-120
-138
-134
-102
-47
30
102
161
193
192
141
63
-25
-111
-171
-201
-193
-157
-104
-38
28
82
108
115
98
64
17
-30
-70
-84
-81
-58
-16
22
50
59
47
13
-31
-72
-106
-119
-103
-81
-47
8
62
108
145
154
135
82
11
-62
-126
-169
-181
-163
-115
-57
6
59
95
112
96
72
41
6
-32
-53
-56
-47
-33
-10
18
36
30
3
-35
-71
-101
-111
-96
-68
-29
17
53
79
98
99
85
53
23
-19
-68
-107
-121
-120
-100
-63
-20
24
56
69
67
50
22
-3
-19
-33
-35
-27
-17
-1
19
26
23
19
2
-32
-69
-95
-103
-91
-64
-20
20
54
76
85
75
51
23
-7
-34
-61
-78
-78
-67
-51
-31
-4
21
37
40
28
5
-10
-24
-26
-18
-9
-3
2
-4
-11
-20
-20
-30
-32
-32
-40
-43
-40
-26
-7
22
49
64
66
48
27
1
-29
-54
-60
-61
-54
-40
-25
-2
18
28
35
30
19
-1
-24
-43
-48
-51
-45
-31
-19
-12
-10
-8
-12
-16
-17
-15
-6
-2
9
20
20
15
6
-1
-8
-16
-25
-35
-47
-46
-39
-20
0
23
37
41
37
32
27
10
-8
-17
-26
-33
-39
-51
-52
-46
-36
-25
-11
-4
-3
-9
-20
-23
-23
-7
7
25
38
42
26
5
-16
-36
-49
-59
-68
-68
-53
-33
-2
15
31
49
61
57
36
15
-6
-26
-32
-34
-28
-20
-15
-15
-20
-22
-29
-34
-36
-26
-16
-8
1
7
20
29
34
38
28
16
-7
-41
-67
-83
-86
-78
-57
-30
-9
11
30
40
42
39
30
18
1
-19
-39
-40
-30
-26
-14
4
13
8
-2
-14
-34
-44
-44
-31
-15
-2
14
25
36
48
43
22
0
-28
-52
-65
-72
-62
-46
-28
-5
14
24
26
21
9
-4
-18
-33
-43
-41
-32
-19
-7
3
26
35
32
20
5
-20
-44
-56
-57
-52
-39
-17
3
16
37
44
42
27
15
-1
-21
-32
-41
-43
-36
-20
-7
-3
-3
-10
-23
-37
-48
-51
-44
-30
-6
18
37
57
71
67
53
28
-5
-40
-76
-105
-114
-108
-84
-55
-14
27
56
73
79
74
62
36
12
-13
-35
-47
-55
-58
-50
-40
-34
-34
-31
-28
-31
-29
-25
-9
14
39
56
67
70
58
36
5
-28
-64
-91
-106
-109
-99
-70
-37
3
39
68
82
79
62
35
8
-23
-48
-71
-73
-68
-51
-30
-12
4
13
21
23
9
-1
-14
-17
-15
-15
-15
-8
1
7
3
-4
-10
-16
-21
-31
-33
-25
-15
-2
14
26
25
19
4
-6
-23
-37
-48
-58
-53
-42
-20
1
20
39
46
43
25
2
-16
-33
-50
-63
-64
-50
-39
-23
3
23
30
34
28
15
1
-16
-28
-39
-38
-24
-11
6
16
18
9
-2
-13
-29
-36
-45
-50
-39
-20
1
15
30
38
38
25
12
-10
-27
-42
-49
-49
-44
-34
-23
-10
2
12
12
2
-13
-20
-17
-15
-5
2
17
25
31
30
17
2
-15
-38
-58
-70
-71
-69
-55
-35
-9
17
45
67
72
61
36
15
-17
-44
-67
-68
-65
-56
-43
-26
-7
10
14
6
8
8
0
-11
-11
-13
-4
5
17
14
6
-8
-16
-28
-40
-46
-47
-39
-29
-15
0
8
18
28
32
23
13
-1
-14
-34
-42
-41
-34
-23
-4
4
11
22
16
1
-17
-31
-30
-35
-39
-38
-24
-7
7
18
27
34
27
15
-9
-29
-38
-45
-51
-48
-31
-17
-5
0
9
12
11
9
-1
-11
-14
-14
-13
-9
-2
3
8
8
-2
-17
-25
-33
-40
-41
-33
-24
-12
3
16
23
20
12
9
-4
-18
-26
-37
-46
-47
-32
-19
-1
17
28
31
27
15
-3
-22
-39
-42
-50
-44
-38
-30
-12
-1
10
23
27
26
17
11
-2
-11
-23
-20
-19
-14
-10
-21
-31
-31
-37
-43
-34
-21
-10
6
18
25
31
37
43
40
22
1
-27
-56
-76
-87
-89
-76
-47
-23
2
29
41
42
45
47
41
29
6
-20
-35
-50
-55
-59
-48
-28
-17
-10
-2
-8
-10
-7
-1
8
13
23
20
11
7
-8
-20
-29
-34
-42
-37
-27
-23
-18
-2
12
23
31
33
23
11
-10
-34
-46
-52
-57
-50
-39
-22
-11
1
23
28
33
40
39
29
7
-18
-37
-59
-63
-55
-44
-35
-29
-24
-15
-10
1
14
22
30
35
34
29
29
13
-5
-23
-39
-48
-58
-66
-67
-65
-51
-35
-12
12
33
49
57
56
42
25
6
-10
-21
-34
-41
-43
-53
-53
-47
-38
-27
-17
-5
1
3
6
8
19
22
28
24
23
16
2
-9
-29
-45
-53
-46
-44
-42
-41
-29
-17
-4
12
17
21
22
21
17
10
-5
-18
-24
-25
-20
-19
-21
-17
-14
-17
-20
-21
-19
-12
-6
-6
-1
-1
-6
-1
6
8
2
-5
-13
-20
-26
-21
-25
-21
-15
-3
3
7
9
6
-1
-11
-15
-19
-20
-12
-15
-20
-20
-16
-9
-3
3
5
-2
-6
-14
-23
-23
-22
-13
0
3
3
0
-12
-15
-22
-20
-16
-16
-27
-32
-29
-28
-21
-9
8
23
39
39
27
13
-2
-7
-19
-28
-33
-41
-45
-52
-48
-39
-27
-4
16
23
25
26
31
27
25
18
10
-4
-29
-47
-59
-72
-75
-66
-52
-25
-6
14
32
36
44
48
41
29
9
-18
-42
-57
-68
-63
-57
-39
-15
3
29
40
41
46
38
21
7
-17
-40
-58
-69
-72
-62
-48
-26
-4
16
37
51
49
42
30
17
-5
-22
-47
-57
-67
-70
-64
-53
-43
-24
-3
18
34
48
55
48
40
26
9
-10
-32
-50
-63
-69
-66
-61
-45
-27
-11
13
36
46
47
45
34
21
2
-14
-31
-41
-52
-57
-50
-44
-30
-15
-7
4
15
21
22
16
8
-3
-7
-14
-18
-19
-22
-22
-22
-24
-15
-18
-17
-18
-19
-11
-5
4
9
14
8
5
-1
-4
-5
-5
-10
-15
-23
-25
-32
-32
-28
-20
-12
-9
-4
-6
-2
-2
-1
6
9
11
7
-1
-10
-21
-25
-25
-26
-30
-31
-30
-30
-25
-21
-9
11
19
28
36
35
23
5
-3
-20
-29
-40
-49
-45
-42
-37
-28
-20
-7
4
14
25
34
32
20
14
2
-14
-22
-35
-42
-38
-38
-37
-31
-33
-27
-13
4
10
15
21
20
16
7
3
3
-2
-11
-26
-33
-43
-54
-60
-41
-17
5
20
26
29
19
8
1
-3
-5
-8
-10
-21
-35
-42
-40
-36
-18
-3
10
8
1
-9
-20
-20
-16
-1
12
16
9
1
-8
-17
-12
-12
-9
-5
-8
-16
-28
-37
-46
-40
-21
-8
4
8
3
-2
-6
-2
3
15
20
21
16
0
-19
-25
-33
-43
-40
-36
-39
-41
-45
-41
-30
-7
23
44
59
61
55
38
21
7
-10
-17
-28
-42
-56
-68
-67
-64
-58
-52
-35
-13
-5
8
19
19
26
32
37
39
38
34
23
3
-18
-43
-62
-75
-75
-67
-51
-45
-43
-30
-17
6
37
69
79
70
58
41
20
5
-7
-26
-44
-63
-83
-93
-92
-79
-67
-46
-19
9
32
52
71
78
71
63
46
25
-3
-33
-66
-96
-111
-110
-97
-73
-40
-7
24
51
66
71
72
64
52
29
3
-23
-51
-74
-84
-84
-74
-55
-31
-11
5
15
29
35
40
44
40
25
2
-26
-45
-60
-69
-66
-53
-42
-29
-16
2
22
43
55
59
49
32
11
-20
-49
-67
-81
-78
-71
-53
-33
-17
3
24
41
61
68
63
45
21
-11
-38
-58
-62
-63
-53
-46
-43
-38
-27
-6
7
18
27
36
29
18
1
-6
-13
-17
-17
-16
-15
-19
-29
-31
-26
-22
-15
-3
-2
-4
-9
-14
-26
-30
-32
-20
-10
-1
5
10
19
29
35
44
42
31
8
-25
-57
-83
-101
-104
-89
-72
-49
-19
7
37
62
82
94
96
84
57
15
-26
-56
-82
-98
-108
-109
-102
-86
-69
-45
-11
32
67
95
108
114
104
78
45
16
-16
-56
-87
-116
-137
-146
-137
-108
-70
-25
18
59
89
109
117
116
104
73
33
1
-39
-79
-114
-130
-127
-116
-102
-78
-46
-14
11
44
69
92
99
93
83
65
30
2
-30
-62
-82
-100
-117
-118
-111
-86
-52
-18
18
53
75
81
82
81
71
52
25
-4
-35
-61
-77
-92
-88
-74
-57
-40
-26
-12
2
14
22
31
37
40
36
27
12
0
-12
-17
-20
-23
-26
-40
-47
-50
-48
-39
-23
-6
8
7
5
2
0
-1
0
6
8
7
4
-3
-9
-5
4
1
-6
-16
-33
-51
-62
-65
-52
-40
-24
-1
13
25
37
43
53
56
51
38
19
0
-28
-56
-76
-83
-78
-75
-71
-58
-45
-36
-15
9
33
58
78
87
79
63
41
26
-1
-34
-61
-91
-111
-123
-122
-104
-81
-48
-5
38
69
90
103
109
103
91
59
18
-20
-62
-101
-123
-125
-116
-108
-92
-68
-37
4
41
71
99
117
115
102
77
45
1
-36
-68
-98
-128
-145
-145
-136
-106
-62
-9
40
84
114
127
124
109
85
49
10
-33
-76
-114
-136
-144
-136
-110
-74
-32
6
48
69
83
90
95
89
71
42
3
-32
-60
-87
-100
-106
-102
-88
-64
-42
-16
12
42
68
84
94
83
60
33
0
-38
-63
-78
-90
-91
-81
-70
-50
-24
8
31
49
59
57
49
41
23
2
-17
-32
-43
-51
-57
-51
-35
-31
-26
-16
-8
3
10
21
26
28
17
2
-6
-21
-35
-36
-32
-38
-35
-28
-27
-22
-9
7
22
28
23
20
9
-6
-23
-33
-38
-36
-32
-29
-24
-22
-10
-6
5
13
19
20
18
8
-4
-15
-27
-26
-20
-19
-16
-22
-21
-24
-23
-13
-2
3
3
9
10
2
-1
-2
1
0
-4
-6
-22
-37
-41
-44
-37
-24
-10
0
4
0
2
11
9
12
14
13
1
-16
-25
-32
-33
-33
-29
-23
-21
-23
-13
-12
-9
-4
5
7
16
17
16
11
1
-12
-10
-14
-22
-27
-32
-34
-35
-32
-25
-10
7
14
11
9
11
4
-5
-2
-8
-13
-24
-34
-30
-26
-21
-14
-11
-2
4
5
4
-4
-5
-12
-21
-21
-19
-14
-15
-11
-8
-3
1
4
7
13
19
7
-5
-19
-21
-27
-31
-32
-35
-38
-36
-34
-24
-14
-5
10
26
30
29
31
21
13
3
-17
-33
-39
-47
-60
-61
-56
-45
-24
-5
12
32
36
35
35
29
19
12
-2
-18
-29
-37
-48
-53
-46
-38
-32
-23
-14
-1
11
18
22
22
19
17
13
5
-3
-16
-22
-37
-45
-44
-39
-30
-21
-13
-3
0
5
13
8
8
3
-5
-8
-17
-20
-21
-21
-13
-17
-3
4
6
4
-1
-2
-10
-19
-21
-26
-30
-33
-33
-20
-17
-10
2
16
26
22
16
12
10
1
-13
-24
-34
-39
-40
-44
-43
-38
-29
-18
-2
6
14
25
29
34
30
17
11
-2
-23
-39
-48
-54
-57
-57
-45
-27
-6
9
13
23
22
22
26
22
12
-1
-14
-28
-39
-36
-36
-37
-25
-16
-8
-1
2
4
1
1
-2
2
-2
-5
-15
-16
-18
-19
-23
-17
-10
-11
-7
-6
-3
-1
2
-2
-6
-7
-11
-19
-19
-20
-24
-23
-25
-13
-10
-3
5
5
8
5
0
-7
-10
-9
-14
-19
-21
-27
-27
-23
-14
-7
3
4
8
8
-2
-12
-16
-18
-16
-22
-17
-12
-8
-10
-14
-10
1
7
5
1
-6
-10
-17
-18
-22
-18
-13
-10
-9
-14
-18
-17
-9
-3
3
5
1
-1
-2
-4
-5
-14
-19
-19
-29
-32
-35
-31
-22
-13
-13
-1
10
11
18
16
13
11
2
-9
-15
-23
-31
-42
-47
-45
-28
-9
-2
7
7
4
10
11
8
11
8
3
-9
-19
-27
-30
-22
-21
-25
-28
-24
-20
-17
-13
-8
-1
9
15
18
15
13
13
0
-7
-15
-22
-30
-39
-43
-44
-38
-34
-28
-15
3
10
12
15
14
25
30
30
27
16
-5
-21
-35
-46
-57
-66
-68
-56
-48
-36
-16
7
27
42
52
62
59
45
32
14
-14
-45
-63
-74
-86
-82
-66
-53
-31
-13
10
33
50
55
53
44
30
19
-1
-24
-34
-46
-55
-55
-49
-43
-37
-29
-15
5
18
22
24
18
9
0
-7
-14
-24
-26
-26
-26
-17
-17
-10
0
7
13
10
7
0
-18
-35
-44
-43
-40
-28
-27
-22
-8
12
26
39
43
43
37
29
10
-16
-42
-55
-62
-66
-62
-52
-43
-33
-12
4
16
30
47
50
43
36
17
2
-12
-23
-32
-38
-48
-59
-65
-65
-56
-42
-23
-6
18
35
41
38
29
35
36
19
9
-2
-16
-32
-50
-62
-61
-50
-41
-31
-14
-13
-14
1
8
18
25
31
28
26
13
-2
-17
-24
-27
-33
-43
-49
-51
-48
-38
-26
-12
5
22
31
29
26
17
15
5
-4
-17
-23
-27
-40
-45
-42
-34
-23
-7
0
4
7
10
5
5
13
10
4
-1
-13
-19
-25
-33
-34
-31
-29
-28
-25
-14
-8
3
7
15
25
32
34
23
5
-12
-32
-43
-45
-40
-45
-52
-43
-30
-21
-12
5
19
33
39
35
18
8
1
-3
-9
-18
-23
-36
-42
-51
-56
-47
-38
-24
-9
8
17
20
27
36
35
29
17
9
-6
-21
-41
-52
-52
-51
-44
-33
-24
-14
-5
4
9
13
18
14
10
11
-6
-16
-19
-14
-9
-10
-12
-10
-13
-16
-18
-22
-18
-17
-17
-14
-6
-7
-13
-12
-8
-4
2
6
4
2
-3
-9
-7
-7
-10
-5
-6
-12
-18
-29
-34
-37
-44
-34
-25
-12
-5
-1
8
13
13
20
23
23
16
-1
-8
-22
-33
-44
-39
-28
-29
-28
-26
-25
-22
-15
-7
5
17
24
28
30
28
22
12
8
1
-14
-30
-54
-68
-68
-66
-61
-45
-19
-3
12
28
40
44
40
37
28
10
-5
-24
-40
-54
-64
-65
-52
-46
-34
-15
3
14
23
30
35
37
39
25
3
-17
-27
-33
-45
-54
-47
-36
-29
-24
-14
-1
12
28
33
31
26
6
-9
-26
-36
-44
-50
-51
-44
-36
-23
-8
8
25
40
37
32
18
2
-15
-29
-44
-54
-52
-43
-37
-26
-14
2
16
29
32
31
31
19
2
-13
-29
-42
-44
-43
-42
-37
-31
-26
-16
-2
16
36
42
34
25
7
-8
-20
-23
-34
-46
-57
-60
23
7
-3
-12
-20
-30
-42
-54
-51
-42
-36
-26
-12
-3
6
9
12
13
14
11
9
10
12
7
-6
-16
-20
-19
-21
-27
-37
-37
-41
-43
-38
-27
-14
-7
4
13
14
27
32
27
31
30
18
4
-16
-37
-58
-57
-59
-55
-49
-49
-42
-33
-19
4
28
54
60
64
54
41
22
0
-15
-33
-48
-61
-70
-85
-83
-74
-53
-30
-7
20
45
54
54
53
49
46
36
22
-1
-31
-57
-75
-85
-83
-78
-64
-39
-20
2
15
26
40
46
49
50
45
27
4
-18
-38
-52
-63
-55
-51
-45
-46
-32
-22
-7
11
26
32
29
28
17
1
-6
-18
-23
-23
-24
-24
-25
-23
-15
-10
-7
-5
-1
0
-9
-11
-13
-14
-16
-14
-10
-4
1
-1
-5
-10
-13
-8
-8
-7
-8
-11
-10
-17
-24
-24
-19
-10
-1
0
4
2
-2
-5
-3
-5
-4
-16
-22
-25
-29
-29
-30
-24
-12
-2
8
18
19
20
16
8
7
-5
-25
-40
-50
-54
-50
-46
-38
-22
-5
10
22
33
41
38
32
22
12
2
-17
-37
-53
-61
-62
-58
-47
-39
-19
-5
15
23
29
36
36
30
23
16
-1
-18
-27
-30
-45
-49
-49
-52
-40
-28
-17
-6
5
5
7
12
17
17
14
12
5
-3
-10
-15
-17
-20
-25
-25
-20
-17
-22
-26
-24
-23
-21
-17
-7
0
3
2
6
7
8
6
11
11
9
0
-11
-24
-31
-31
-30
-30
-34
-32
-34
-32
-26
-12
-2
11
19
22
20
21
26
28
23
12
-1
-21
-37
-55
-58
-64
-60
-57
-44
-32
-21
-4
9
29
45
55
56
50
39
20
1
-17
-38
-53
-65
-72
-74
-73
-64
-48
-26
-2
18
38
53
59
55
46
39
27
7
-13
-39
-58
-67
-75
-74
-64
-55
-36
-12
1
16
32
40
46
51
40
27
15
-2
-22
-36
-49
-58
-55
-52
-44
-33
-27
-18
-4
13
32
39
37
33
16
6
-6
-15
-25
-32
-41
-49
-51
-46
-37
-30
-10
4
13
20
25
23
17
15
16
5
-11
-26
-36
-42
-46
-49
-40
-26
-17
-13
0
14
26
30
35
27
18
10
0
-16
-32
-46
-53
-50
-48
-47
-38
-32
-13
2
16
28
35
36
40
33
20
5
-8
-26
-42
-57
-65
-65
-61
-51
-33
-19
1
12
29
37
45
48
44
35
25
9
-14
-40
-54
-58
-68
-66
-61
-53
-36
-26
-9
10
28
42
48
49
46
31
15
-3
-21
-34
-44
-52
-59
-62
-61
-54
-41
-25
-6
15
34
41
44
42
36
26
20
9
-10
-24
-36
-51
-63
-68
-64
-55
-37
-21
-11
3
15
29
38
39
46
40
26
4
-16
-33
-44
-57
-61
-60
-55
-48
-39
-22
-3
19
34
44
49
48
28
14
-3
-15
-33
-45
-44
-50
-50
-51
-42
-29
-10
5
20
25
28
29
24
11
6
-1
-20
-29
-38
-40
-39
-42
-32
-23
-16
-6
8
19
17
15
11
5
-3
-14
-22
-25
-33
-38
-33
-26
-16
-7
4
17
24
29
20
12
0
-13
-25
-29
-31
-35
-43
-44
-38
-31
-16
-6
9
32
36
33
23
17
9
-8
-20
-29
-36
-44
-51
-55
-49
-35
-20
-6
11
26
32
33
22
23
17
8
-4
-21
-34
-44
-52
-51
-43
-30
-22
-13
-3
8
10
10
14
12
13
6
2
-9
-15
-22
-23
-22
-24
-21
-17
-15
-14
-9
-6
-9
-5
-1
-1
-4
-9
-13
-17
-22
-17
-9
-9
-6
0
-1
-3
3
4
3
-3
-9
-12
-20
-27
-32
-36
-33
-27
-19
-15
-3
13
18
22
28
22
16
8
-1
-15
-27
-32
-40
-48
-53
-53
-45
-34
-16
-4
8
25
38
38
42
29
16
7
-10
-26
-38
-48
-61
-67
-56
-44
-30
-10
3
20
30
39
44
38
34
23
6
-14
-33
-47
-56
-61
-60
-50
-36
-23
-8
9
25
34
42
39
32
19
3
-13
-37
-60
-61
-57
-55
-48
-38
-26
-13
5
29
41
47
40
43
33
16
-15
-36
-53
-56
-62
-60
-59
-48
-32
-7
13
37
51
50
44
37
26
4
-10
-30
-46
-58
-64
-62
-58
-51
-32
-15
9
30
39
45
45
40
25
7
-13
-29
-44
-55
-56
-53
-50
-46
-32
-12
5
24
30
37
36
30
15
4
-7
-23
-38
-49
-54
-55
-47
-35
-26
-9
8
22
31
40
42
36
19
2
-21
-37
-48
-55
-50
-55
-50
-42
-26
-8
11
29
43
49
43
33
20
6
-11
-30
-45
-56
-62
-67
-65
-56
-38
-18
-2
21
38
47
49
44
40
31
21
4
-22
-50
-65
-73
-78
-75
-58
-41
-21
0
20
34
46
57
64
58
46
28
1
-32
-52
-70
-83
-89
-85
-71
-56
-38
-16
18
46
64
67
67
66
53
40
17
-14
-42
-66
-88
-100
-101
-91
-78
-55
-19
16
43
66
76
76
69
66
51
25
-11
-39
-66
-83
-97
-100
-88
-73
-52
-30
-2
27
50
64
69
73
66
45
21
-1
-27
-45
-65
-77
-79
-83
-68
-53
-36
-10
10
22
37
47
49
43
36
24
10
-7
-22
-38
-46
-53
-53
-47
-37
-22
-18
-12
-7
-2
6
12
10
8
12
8
4
-5
-11
-9
-7
-4
-7
-12
-20
-28
-38
-34
-33
-27
-23
-21
-15
-8
-3
-1
11
20
23
27
20
18
7
-1
-16
-25
-31
-36
-40
-44
-43
-43
-40
-28
-13
-3
13
20
22
22
30
27
19
15
5
-13
-23
-36
-48
-51
-49
-42
-40
-36
-24
-16
-4
9
24
30
34
33
27
16
8
-5
-16
-27
-31
-38
-49
-55
-56
-52
-40
-23
-5
11
28
34
35
35
38
31
17
2
-14
-39
-55
-62
-57
-48
-44
-40
-22
-9
0
9
24
34
41
39
27
17
6
-14
-28
-29
-39
-48
-49
-50
-47
-42
-29
-12
8
24
36
40
32
26
20
11
1
-10
-23
-33
-51
-61
-59
-52
-43
-29
-12
-1
12
17
17
23
30
34
36
29
10
-13
-37
-55
-57
-54
-55
-49
-44
-38
-33
-18
4
26
44
55
58
51
36
16
-6
-23
-32
-48
-56
-68
-73
-72
-60
-48
-26
1
29
48
57
58
55
42
38
23
7
-18
-43
-65
-83
-91
-86
-72
-57
-36
-13
6
27
44
61
62
64
56
46
21
-5
-39
-65
-76
-82
-80
-76
-65
-48
-29
-5
15
34
52
61
60
53
37
22
4
-14
-33
-53
-61
-68
-70
-58
-42
-25
-12
3
18
28
33
35
27
18
5
-8
-20
-29
-39
-40
-36
-34
-26
-16
-8
1
7
7
6
5
0
-9
-11
-15
-22
-27
-23
-17
-13
-9
1
6
6
5
5
6
1
-1
-13
-24
-29
-36
-38
-32
-26
-18
-13
-10
-4
0
11
24
19
18
16
6
-5
-14
-20
-28
-33
-38
-42
-45
-37
-27
-20
-6
1
10
23
27
26
23
18
7
-4
-15
-25
-27
-30
-34
-37
-37
-32
-26
-16
-4
2
6
6
10
8
2
-2
-3
-4
-8
-11
-21
-28
-27
-25
-25
-23
-14
-6
-2
-1
-3
3
0
0
-8
-8
-2
-8
-16
-18
-19
-19
-13
-9
-4
-6
-4
-3
-1
-2
3
2
-6
-14
-25
-27
-28
-26
-25
-21
-10
-7
-4
4
2
1
4
9
8
7
2
-8
-12
-26
-35
-35
-30
-25
-22
-18
-16
-15
-5
6
15
24
17
10
6
-1
-8
-18
-26
-27
-30
-35
-38
-36
-33
-26
-14
-3
13
21
21
18
13
7
5
5
-2
-18
-27
-39
-44
-43
-37
-29
-13
-5
2
6
9
14
22
21
24
18
1
-16
-30
-40
-51
-54
-48
-36
-25
-17
-5
5
16
28
29
30
25
17
5
-20
-34
-42
-43
-42
-50
-40
-35
-23
-10
5
16
21
28
27
20
10
3
-8
-14
-24
-31
-32
-31
-32
-30
-26
-21
-9
-4
1
4
5
1
2
5
2
5
-1
-6
-5
-11
-13
-10
-19
-25
-28
-26
-22
-28
-29
-26
-26
-19
-7
2
8
16
17
19
20
19
16
-1
-13
-26
-37
-47
-50
-47
-43
-38
-27
-17
3
16
27
32
29
28
21
14
0
-15
-24
-34
-39
-37
-39
-38
-30
-21
-11
0
6
11
6
3
-2
-9
-6
-9
-6
0
-3
-1
2
1
-1
-4
-9
-17
-25
-35
-43
-47
-49
-41
-30
-15
-6
8
21
28
45
52
51
40
22
2
-20
-50
-69
-75
-80
-76
-69
-65
-44
-14
13
42
61
76
78
73
58
40
10
-20
-54
-75
-93
-107
-104
-93
-78
-54
-19
22
54
73
80
84
78
63
44
21
-13
-45
-71
-95
-104
-101
-90
-71
-42
-13
13
40
56
69
69
67
55
34
14
-15
-40
-60
-78
-85
-71
-59
-53
-37
-22
2
23
40
42
44
45
38
18
-3
-19
-38
-50
-53
-49
-41
-38
-29
-17
-6
6
12
23
24
20
12
2
-9
-21
-28
-31
-32
-35
-37
-23
-7
0
8
14
15
18
12
8
1
-8
-23
-38
-37
-43
-45
-34
-26
-15
-2
11
19
27
31
25
15
9
0
-18
-35
-41
-48
-49
-43
-36
-32
-18
-6
11
21
24
31
26
28
26
12
-5
-23
-37
-56
-63
-59
-50
-38
-29
-14
-1
11
25
30
31
34
31
21
2
-28
-44
-50
-49
-48
-44
-33
-25
-22
-11
9
23
32
38
33
22
10
-7
-27
-40
-40
-39
-34
-36
-35
-23
-12
-7
8
19
25
34
29
12
-5
-20
-31
-36
-37
-37
-39
-37
-31
-26
-14
-5
13
26
33
31
20
3
-11
-9
-11
-20
-24
-30
-32
-41
-40
-34
-15
0
0
5
10
10
7
4
1
-2
-3
-2
-5
-17
-16
-22
-24
-19
-16
-15
-15
-17
-17
-16
-12
-9
-2
6
8
6
5
1
-5
-14
-15
-12
-11
-19
-25
-29
-35
-33
-30
-23
-13
-2
7
18
15
10
10
7
-1
-3
-2
-9
-14
-27
-29
-33
-30
-28
-16
-11
-7
-6
-5
-5
-2
-1
-1
-1
-3
-6
-11
-14
-20
-19
-15
-5
2
-3
-6
-3
-10
-18
-15
-17
-17
-21
-25
-24
-19
-11
-3
0
8
16
16
18
8
-1
-12
-17
-24
-30
-37
-42
-40
-34
-29
-18
-1
10
18
25
21
19
17
8
-2
-7
-21
-26
-30
-40
-41
-41
-37
-29
-18
-3
12
21
24
26
23
7
-7
-12
-19
-21
-27
-34
-28
-24
-25
-21
-5
5
11
17
18
10
-3
-14
-13
-18
-22
-24
-25
-22
-21
-20
-17
-10
0
10
11
11
7
-5
-13
-21
-25
-24
-22
-22
-23
-25
-22
-12
-6
-2
7
9
10
1
4
-3
-12
-17
-16
-18
-23
-23
-22
-22
-17
-4
6
11
14
11
4
-11
-16
-22
-22
-23
-18
-15
-17
-22
-16
-8
-4
-2
9
12
12
2
-7
-17
-23
-22
-24
-25
-23
-25
-25
-26
-20
-12
4
22
27
22
18
11
6
-4
-10
-19
-27
-37
-45
-52
-51
-43
-30
-19
-1
14
26
21
25
32
29
23
10
-6
-19
-31
-43
-56
-56
-49
-38
-25
-19
-9
1
9
22
29
26
26
22
10
-1
-17
-29
-38
-40
-39
-40
-41
-31
-22
-12
2
13
16
21
19
19
16
3
-10
-15
-20
-27
-32
-33
-31
-21
-16
-9
-7
-3
1
0
-3
-7
-7
-8
-6
-6
-7
-12
-15
-10
-11
-6
0
-5
-11
-15
-17
-12
-15
-16
-13
-10
-12
-14
-9
-8
-8
-7
1
4
5
1
-8
-9
-13
-12
-13
-15
-17
-23
-23
-27
-25
-16
-10
-1
-2
4
4
6
4
0
-3
-5
-10
-19
-24
-28
-29
-25
-24
-17
-6
4
3
0
-4
-4
-1
0
-2
-4
-9
-15
-21
-25
-23
-19
-10
-5
1
0
-4
-10
-11
-9
-9
-5
-18
-19
-19
-18
-19
-16
-5
0
3
8
8
8
3
-3
-9
-10
-13
-23
-26
-31
-35
-32
-30
-23
-11
0
10
14
17
16
15
14
8
0
-9
-21
-35
-38
-41
-41
-39
-34
-25
-12
-4
11
15
15
21
22
18
19
9
-5
-18
-29
-36
-36
-43
-38
-33
-29
-23
-16
-10
1
14
24
29
27
17
6
-2
-9
-15
-17
-27
-28
-31
-32
-37
-34
-31
-17
-4
4
7
11
11
10
5
2
6
2
-3
-12
-24
-34
-39
-34
-31
-31
-25
-19
-16
-7
2
10
10
14
19
19
12
-1
-13
-16
-20
-32
-34
-32
-26
-25
-21
-16
-14
-7
8
22
18
13
9
4
-3
-7
-14
-21
-25
-25
-26
-23
-25
-20
-15
-12
-4
0
3
0
0
-4
-9
-12
-14
-12
-17
-21
-22
-18
-11
-6
-1
10
8
2
-6
-8
-14
-18
-24
-24
-22
-27
-25
-20
-14
-10
-3
9
17
27
21
9
0
-2
-7
-16
-29
-38
-41
-40
-40
-35
-30
-20
-2
12
24
32
35
31
25
15
4
-7
-18
-35
-49
-59
-63
-64
-55
-33
-19
-2
15
28
34
40
47
46
38
15
-3
-20
-40
-57
-60
-66
-66
-60
-47
-24
-10
-1
18
36
48
55
51
40
24
6
-16
-31
-46
-58
-69
-72
-69
-56
-37
-15
3
26
38
42
42
44
38
28
16
-4
-22
-41
-58
-67
-71
-57
-45
-33
-19
-3
12
28
34
42
38
31
20
5
-15
-26
-32
-48
-53
-49
-47
-36
-26
-15
-4
4
12
22
31
30
24
16
5
-12
-26
-31
-38
-44
-41
-40
-31
-23
-20
-6
12
15
21
30
25
14
9
1
-15
-28
-32
-34
-41
-37
-34
-30
-21
-12
-3
9
15
17
21
17
10
-3
-15
-19
-23
-25
-31
-36
-35
-25
-23
-15
-3
10
17
24
19
10
-1
-7
-18
-19
-25
-32
-33
-31
-24
-21
-14
-2
10
16
23
20
12
5
-5
-19
-23
-29
-34
-37
-40
-50
-44
-30
-10
3
21
33
33
30
26
13
11
2
-11
-25
-42
-57
-62
-63
-56
-44
-25
-6
12
22
32
39
47
47
36
27
6
-15
-36
-54
-67
-68
-61
-52
-44
-32
-20
-3
12
29
46
59
53
39
19
-2
-20
-35
-46
-48
-56
-60
-53
-46
-28
-11
4
16
25
34
26
22
17
11
-3
-17
-24
-33
-43
-51
-46
-32
-22
-12
6
13
22
21
19
11
0
-9
-16
-22
-28
-38
-38
-31
-21
-10
1
7
7
8
21
18
15
8
-3
-19
-32
-39
-44
-42
-36
-30
-25
-13
-6
0
11
21
18
18
15
8
-3
-12
-20
-31
-36
-40
-30
-25
-21
-14
-12
-3
1
3
10
15
11
6
-2
-7
-11
-17
-21
-20
-26
-27
-19
-15
-17
-17
-9
-3
0
-3
-6
-4
-3
-6
-5
-6
-2
-3
-10
-12
-11
-12
-15
-15
-9
-7
-5
-11
-12
-14
-15
-13
-15
-15
-16
-17
-15
-12
-10
-9
-7
-1
4
6
5
7
10
2
1
-8
-20
-29
-32
-37
-37
-38
-34
-22
-15
-7
9
19
23
28
28
22
18
11
-2
-13
-29
-39
-54
-60
-60
-57
-48
-34
-9
11
25
34
40
42
34
28
17
-1
-13
-31
-45
-50
-55
-52
-44
-32
-24
-12
-2
-2
4
16
21
20
17
9
0
-4
-10
-16
-14
-15
-13
-14
-19
-20
-25
-28
-29
-30
-30
-17
-9
-8
-5
2
3
14
28
34
27
23
12
0
-19
-37
-50
-56
-56
-58
-57
-49
-32
-12
3
21
41
51
49
46
36
21
8
-5
-26
-45
-56
-65
-76
-71
-55
-39
-23
-2
16
32
45
52
46
33
23
8
-11
-27
-41
-51
-56
-54
-45
-32
-25
-15
-1
3
11
20
16
19
11
3
-4
-16
-22
-27
-34
-28
-19
-13
-16
-16
-5
2
5
3
-3
-6
-15
-20
-22
-25
-20
-15
-11
-5
-1
2
5
3
6
6
2
3
-3
-15
-27
-36
-39
-36
-31
-25
-13
-8
-6
4
10
17
22
28
26
9
-6
-12
-24
-35
-36
-36
-40
-43
-38
-27
-22
-10
3
11
19
25
22
16
9
2
-6
-14
-20
-27
-28
-30
-33
-31
-29
-23
-13
-2
6
8
12
16
13
8
3
-2
-12
-20
-24
-30
-34
-33
-33
-27
-15
-9
-2
3
3
10
15
17
12
2
-6
-15
-24
-29
-35
-35
-32
-33
-24
-18
-8
-1
-1
6
15
19
17
14
8
4
-5
-20
-31
-35
-33
-33
-30
-26
-19
-15
-10
-4
4
13
15
9
11
8
0
-4
-12
-22
-25
-24
-27
-29
-32
-26
-23
-18
-8
-2
0
3
8
14
12
5
1
0
-2
-8
-19
-30
-32
-35
-27
-21
-20
-14
-3
0
3
7
8
11
11
9
2
-5
-18
-20
-26
-29
-32
-32
-28
-27
-25
-16
-6
2
10
13
12
14
9
5
0
-9
-20
-25
-25
-32
-42
-42
-33
-16
-7
0
4
10
17
21
20
14
6
-4
-17
-20
-29
-37
-39
-36
-37
-31
-22
-7
-3
2
9
15
15
15
16
13
0
-9
-13
-25
-32
-32
-34
-34
-33
-26
-23
-16
-6
2
14
11
12
15
15
14
2
-8
-10
-10
-11
-24
-33
-30
-26
-26
-27
-24
-19
-14
-8
-2
4
10
15
16
7
1
-6
-6
-4
-14
-17
-26
-34
-34
-34
-31
-24
-18
-11
1
6
7
6
6
11
10
4
3
1
-10
-21
-24
-18
-26
-30
-27
-27
-25
-20
-20
-18
-9
-4
-1
3
8
9
8
9
7
1
-3
-9
-10
-17
-21
-25
-28
-33
-34
-31
-23
-16
-12
-9
-2
6
15
23
25
24
18
12
3
-11
-29
-37
-48
-57
-54
-44
-34
