# 2019-09-17 13:41:55.179366
# resolution = 2
# velocity = 3
# LP filter = 5
# HP filter = 2
# gain = 1

# direction: 0
8
15
13
19
34
41
40
39
24
-7
-30
-49
-63
-69
-63
-58
-63
-65
-64
-41
4
59
104
127
117
85
42
4
-19
-39
-55
-78
-113
-141
-157
-148
-105
-30
56
116
147
138
97
70
54
51
50
24
-32
-98
-155
-193
-204
-164
-91
-20
34
54
54
59
79
113
157
181
159
86
-7
-102
-174
-210
-200
-163
-122
-89
-77
-67
-33
39
127
211
257
242
174
71
-26
-93
-127
-132
-137
-149
-167
-181
-184
-147
-71
30
124
183
186
149
105
76
70
68
54
17
-47
-123
-189
-230
-226
-172
-95
-28
21
41
47
64
101
151
200
208
153
65
-34
-114
-156
-159
-136
-104
-91
-94
-102
-102
-72
-6
72
133
160
136
74
12
-16
-9
28
42
22
-24
-95
-156
-177
-152
-100
-23
34
47
28
-5
-24
0
65
120
143
114
45
-37
-97
-119
-93
-40
5
28
10
-34
-81
-98
-73
-17
41
69
51
-4
-58
-70
-37
25
83
112
93
43
-21
-77
-97
-83
-47
-10
-7
-39
-88
-121
-117
-64
9
73
99
84
55
27
20
35
65
89
85
39
-32
-108
-156
-170
-152
-104
-66
-48
-52
-37
-8
43
117
179
204
184
124
44
-32
-85
-104
-111
-116
-124
-149
-174
-171
-134
-63
30
106
146
148
126
101
92
90
93
83
49
-22
-112
-189
-231
-227
-184
-123
-54
-16
4
25
60
113
176
221
223
177
93
-14
-109
-160
-169
-156
-131
-121
-132
-140
-127
-78
-2
89
162
188
175
131
65
12
-14
-10
-1
-12
-47
-109
-169
-200
-190
-127
-38
45
93
100
84
65
56
61
77
85
69
19
-46
-118
-158
-151
-100
-38
23
46
34
3
-23
-29
-9
19
37
39
18
-18
-53
-67
-59
-25
27
65
72
39
-13
-56
-73
-60
-31
-5
2
-18
-45
-67
-69
-48
-3
46
81
93
72
32
-2
-24
-17
9
21
6
-36
-89
-131
-139
-110
-60
1
52
78
81
64
39
26
22
31
34
11
-44
-91
-135
-147
-116
-58
4
55
77
73
54
27
11
11
20
21
4
-37
-83
-116
-127
-93
-40
17
59
78
61
45
34
33
46
54
52
24
-21
-78
-130
-161
-160
-123
-71
-22
16
39
41
52
78
106
129
136
103
45
-32
-111
-165
-184
-165
-126
-83
-50
-34
-21
-1
24
65
106
146
151
122
67
7
-39
-69
-84
-79
-70
-69
-71
-82
-96
-101
-78
-30
26
79
110
112
92
59
34
19
11
1
-12
-25
-51
-83
-108
-128
-125
-82
-26
26
50
40
12
-8
-10
10
46
80
97
81
41
-12
-67
-108
-98
-59
-16
4
-12
-57
-96
-104
-78
-12
67
127
139
110
52
-19
-77
-86
-45
4
37
29
-21
-92
-138
-134
-69
10
74
99
68
1
-53
-89
-76
-22
52
103
108
64
-19
-100
-122
-89
-17
48
71
39
-24
-83
-109
-84
-26
36
84
90
54
-12
-68
-84
-57
6
72
96
67
2
-67
-107
-101
-64
-19
12
15
-5
-32
-50
-53
-23
32
79
105
89
36
-23
-71
-86
-72
-49
-28
-22
-33
-46
-51
-35
-10
28
55
68
63
44
15
-13
-28
-27
-19
-20
-25
-41
-54
-65
-66
-53
-26
-13
10
35
48
53
50
36
16
3
-6
-20
-34
-46
-61
-74
-76
-68
-55
-26
6
37
57
63
52
22
6
-2
-4
-6
-11
-14
-28
-43
-50
-48
-39
-17
-1
6
1
-4
-13
-20
-10
5
21
30
25
7
-14
-33
-37
-34
-25
-20
-23
-30
-35
-37
-28
-12
14
22
30
24
16
-2
-11
-16
-10
-9
-5
-6
-18
-28
-33
-33
-24
-18
-16
-15
-12
-2
9
25
36
40
39
29
8
-18
-45
-66
-72
-75
-81
-73
-56
-33
-3
29
58
77
80
70
51
31
11
-19
-51
-77
-105
-110
-105
-85
-53
-16
20
48
65
69
67
65
60
49
31
1
-37
-74
-96
-105
-88
-59
-34
-21
-4
3
12
32
52
68
78
60
17
-28
-75
-104
-99
-81
-50
-25
-9
-7
-3
15
37
59
74
72
40
-17
-77
-115
-120
-101
-57
-20
7
22
21
20
34
53
78
88
76
40
-19
-80
-121
-120
-86
-41
-5
1
-10
-27
-30
-19
12
55
80
83
52
9
-35
-60
-63
-46
-23
-7
-17
-43
-70
-77
-59
-22
28
58
67
54
21
-13
-34
-37
-20
-1
10
2
-19
-38
-46
-35
-9
16
29
25
0
-24
-39
-48
-41
-18
1
20
22
15
0
-10
-18
-17
-10
-11
-13
-22
-31
-39
-33
-20
0
18
28
30
22
5
-22
-41
-49
-45
-36
-26
-18
-8
4
9
12
7
7
13
19
17
6
-4
-18
-23
-24
-20
-11
-10
-18
-29
-47
-58
-61
-53
-29
-1
31
53
53
46
30
22
17
2
-9
-20
-35
-62
-84
-95
-89
-64
-29
9
33
37
28
17
12
12
25
37
48
45
35
8
-28
-50
-59
-64
-61
-58
-62
-73
-69
-58
-31
8
53
91
111
108
79
31
-14
-49
-65
-63
-57
-59
-59
-63
-68
-66
-43
-13
21
47
60
53
36
10
-11
-13
1
22
33
24
-9
-54
-85
-99
-90
-58
-11
18
38
51
41
16
6
6
20
30
21
-14
-66
-103
-113
-87
-42
12
63
89
76
43
1
-31
-43
-33
-16
-16
-31
-59
-84
-83
-57
-10
35
64
73
55
22
-17
-39
-24
7
44
54
41
-4
-66
-102
-113
-92
-54
-23
-2
3
-1
-1
17
52
88
115
107
67
-2
-82
-133
-147
-125
-83
-39
-15
-4
1
4
14
30
54
66
62
40
-4
-42
-69
-73
-43
3
29
28
4
-32
-53
-66
-57
-29
-2
16
27
22
15
8
5
11
25
20
-7
-41
-71
-85
-70
-41
4
36
56
57
43
13
-25
-51
-58
-62
-52
-38
-27
-21
-8
14
35
52
56
49
21
-13
-42
-66
-74
-62
-39
-13
7
16
11
4
2
-5
-13
-22
-23
-15
-18
-17
-5
6
27
37
38
29
7
-29
-64
-83
-91
-76
-46
-18
13
38
52
46
36
17
-1
-18
-30
-40
-46
-50
-35
-17
8
29
46
45
23
-6
-38
-69
-84
-78
-56
-31
-3
21
39
48
51
50
45
30
7
-28
-61
-82
-83
-72
-49
-19
11
25
19
6
-12
-22
-20
-11
4
15
21
18
19
19
23
20
4
-30
-66
-94
-117
-115
-92
-51
5
59
105
115
99
77
42
14
-17
-45
-76
-96
-100
-84
-56
-23
4
26
42
38
17
-12
-36
-42
-34
-19
2
15
18
21
26
23
16
-4
-28
-51
-70
-85
-84
-65
-38
0
40
72
82
67
41
21
1
-27
-44
-56
-54
-41
-22
-3
16
27
23
1
-19
-43
-59
-66
-60
-43
-17
11
39
51
55
46
31
9
-22
-57
-85
-96
-81
-58
-30
12
44
61
68
59
37
1
-32
-62
-77
-84
-80
-61
-32
7
47
73
81
65
41
4
-33
-52
-65
-77
-74
-57
-24
1
23
32
27
21
8
-9
-29
-42
-32
-6
17
39
44
35
18
-13
-39
-57
-80
-103
-109
-94
-59
-18
36
86
126
150
150
110
47
-29
-91
-127
-146
-147
-130
-102
-69
-35
4
53
87
96
90
72
42
11
-22
-36
-32
-14
7
11
-14
-51
-83
-100
-99
-89
-68
-43
-17
17
52
88
117
135
131
103
49
-26
-103
-161
-180
-159
-111
-57
-17
14
36
52
74
84
71
50
16
-24
-54
-71
-67
-41
0
41
58
37
-2
-44
-73
-90
-84
-65
-39
-21
-3
20
44
64
78
79
60
21
-35
-83
-113
-117
-84
-35
7
40
46
31
12
-7
-16
-21
-24
-27
-36
-44
-43
-19
26
65
93
102
70
15
-45
-94
-115
-110
-84
-53
-28
-9
9
27
43
59
71
66
42
-9
-57
-91
-99
-68
-22
20
43
36
5
-33
-70
-83
-71
-49
-17
9
21
19
28
40
61
88
94
71
14
-63
-126
-160
-155
-105
-35
21
52
54
41
17
5
13
30
42
35
5
-36
-69
-73
-54
-13
27
43
28
-15
-73
-120
-126
-91
-30
41
90
103
80
44
14
5
8
15
6
-24
-72
-113
-136
-117
-58
11
75
103
88
47
-13
-55
-59
-27
21
49
46
25
-19
-55
-70
-56
-28
-5
-5
-28
-57
-75
-77
-42
20
81
117
102
53
-12
-63
-95
-84
-52
-26
-8
-11
-29
-43
-35
-5
46
83
95
71
13
-48
-79
-81
-43
9
44
49
18
-32
-80
-96
-82
-42
4
43
55
46
19
2
7
23
46
40
-4
-77
-150
-182
-164
-107
-22
59
108
125
102
56
18
-3
-3
6
6
-12
-48
-85
-102
-85
-36
19
54
48
20
-21
-60
-74
-57
-5
60
106
113
82
32
-25
-61
-75
-76
-73
-84
-104
-117
-109
-65
8
90
150
175
146
77
-11
-89
-126
-117
-80
-36
-6
7
3
-4
-1
14
22
15
-8
-44
-88
-103
-83
-20
61
136
184
174
106
3
-97
-157
-176
-158
-123
-93
-63
-33
9
63
119
163
176
153
81
-16
-117
-178
-190
-142
-62
17
58
52
16
-22
-52
-62
-66
-56
-43
-42
-34
-10
37
106
173
214
210
136
1
-149
-258
-302
-278
-195
-85
24
102
156
176
175
157
130
86
19
-68
-154
-211
-218
-168
-61
54
127
142
102
17
-71
-140
-164
-153
-104
-34
31
75
114
146
165
176
158
81
-45
-186
-300
-353
-319
-205
-46
112
232
291
282
222
138
49
-26
-88
-134
-175
-195
-187
-128
-29
74
154
170
112
10
-116
-221
-261
-233
-139
-8
122
213
241
227
180
113
39
-43
-150
-257
-339
-359
-301
-171
13
206
351
413
382
274
123
-26
-146
-216
-240
-227
-181
-116
-48
31
103
148
152
89
-22
-149
-245
-276
-229
-112
43
195
302
352
332
248
130
-16
-161
-301
-403
-449
-423
-308
-129
86
279
402
421
351
217
54
-86
-177
-235
-255
-236
-182
-97
7
112
198
234
200
83
-77
-229
-312
-286
-160
31
219
337
359
288
159
10
-133
-245
-345
-420
-454
-440
-345
-160
97
366
582
669
598
387
107
-159
-330
-382
-338
-244
-141
-46
39
115
188
244
266
224
110
-65
-262
-407
-446
-356
-170
44
215
274
230
112
-25
-147
-226
-267
-268
-227
-146
-35
110
281
443
551
555
426
172
-128
-395
-563
-598
-507
-323
-96
115
263
343
354
291
178
17
-163
-332
-460
-501
-444
-294
-88
132
334
492
567
542
426
235
14
-190
-326
-377
-342
-250
-135
-36
14
6
-43
-109
-140
-119
-71
-7
54
134
252
423
623
777
808
656
295
-223
-778
-1229
-1419
-1263
-796
-198
318
648
754
716
696
767
838
781
505
-43
-738
-1306
-1524
-1325
-739
72
727
868
507
-167
-893
-1266
-1061
-740
-1084
-2184
-3418
-4128
-3871
-2074
1367
4752
5616
3406
313
-211
4371
14114
24136
26484
15800
-4571
-23352
-31561
-28157
-19137
-10619
-4141
1260
6087
9533
10727
9666
7132
3833
385
-2402
-3847
-3706
-2343
-548
1040
2001
2199
1765
1004
318
-31
-14
203
365
317
42
-375
-762
-969
-923
-704
-446
-215
-20
184
446
742
982
1075
963
635
155
-388
-885
-1220
-1326
-1195
-876
-473
-78
238
443
540
527
438
293
126
-20
-114
-142
-109
-38
50
118
152
119
17
-130
-283
-401
-466
-455
-363
-198
20
246
435
535
514
390
200
-1
-157
-237
-246
-204
-120
-14
108
243
367
450
453
347
124
-173
-484
-709
-799
-733
-543
-286
-25
198
344
416
425
380
290
153
-8
-171
-297
-340
-277
-109
130
335
443
414
265
64
-121
-251
-295
-259
-181
-83
7
65
105
138
165
160
83
-68
-271
-475
-597
-593
-432
-160
140
394
559
595
527
377
203
31
-115
-241
-340
-397
-396
-319
-164
40
231
352
368
274
110
-60
-197
-266
-254
-183
-78
29
114
165
176
152
92
3
-115
-241
-330
-346
-275
-122
74
263
394
436
387
268
111
-49
-198
-313
-387
-407
-364
-269
-114
60
219
327
359
299
171
9
-127
-200
-198
-136
-54
25
89
129
139
123
83
14
-79
-197
-296
-349
-333
-237
-78
115
284
386
391
305
158
2
-135
-223
-274
-292
-271
-224
-147
-36
86
204
285
300
249
128
-20
-151
-216
-206
-125
-13
86
138
147
109
52
-17
-76
-132
-181
-216
-226
-201
-129
-15
121
248
335
328
230
81
-93
-226
-294
-295
-240
-173
-88
-10
62
116
159
183
185
150
79
-16
-114
-169
-157
-86
13
105
155
142
75
-17
-105
-165
-188
-182
-152
-104
-52
-3
53
124
196
242
238
172
51
-98
-236
-308
-301
-234
-124
-19
71
120
129
113
87
65
54
36
-7
-57
-92
-102
-69
1
77
120
117
61
-26
-116
-180
-193
-158
-86
-6
64
105
116
109
100
94
83
55
-4
-88
-170
-221
-221
-166
-67
31
104
140
125
82
24
-23
-45
-36
-20
-12
-16
-26
-25
-2
29
57
60
32
-27
-100
-154
-175
-150
-81
9
99
155
156
115
64
21
-3
-18
-36
-60
-88
-117
-129
-108
-54
12
71
113
110
70
4
-57
-77
-65
-17
30
44
31
-4
-48
-72
-70
-53
-29
-22
-31
-48
-64
-63
-28
37
107
156
158
108
20
-64
-115
-129
-113
-78
-43
-26
-19
-16
-4
21
56
93
99
70
15
-45
-95
-109
-79
-25
25
51
36
-9
-56
-80
-81
-49
-5
38
50
39
17
-12
-24
-11
10
29
17
-32
-84
-116
-119
-83
-21
49
99
105
82
42
3
-19
-19
1
18
12
-19
-61
-91
-96
-64
-13
31
48
28
-14
-61
-84
-70
-29
34
83
102
83
39
-13
-56
-74
-69
-55
-48
-58
-68
-68
-55
-15
41
96
116
113
72
8
-56
-87
-85
-51
-13
15
26
5
-35
-59
-56
-46
-26
-2
10
4
-12
-22
-7
21
58
90
91
60
1
-76
-130
-146
-130
-89
-43
-6
10
21
25
35
49
61
66
52
19
-25
-66
-89
-74
-28
12
42
43
26
-11
-52
-69
-70
-58
-32
-6
13
29
36
41
56
67
61
35
-12
-73
-119
-136
-121
-83
-33
11
47
60
47
29
17
4
-11
-19
-25
-37
-46
-46
-28
10
52
72
66
35
-11
-59
-96
-108
-99
-72
-33
2
25
40
50
57
63
67
51
14
-36
-70
-87
-79
-50
-14
12
24
12
-17
-49
-70
-79
-68
-38
-8
16
34
51
71
97
115
105
66
11
-58
-118
-155
-166
-155
-113
-53
-2
47
72
87
90
88
82
59
20
-27
-67
-90
-87
-70
-45
-25
-14
-17
-25
-46
-57
-58
-39
-2
37
70
85
81
70
56
37
10
-30
-83
-127
-155
-156
-135
-88
-23
43
99
135
143
125
92
44
2
-35
-64
-85
-93
-86
-64
-32
-5
13
23
21
10
-6
-22
-38
-45
-38
-19
8
27
34
35
33
18
-6
-34
-70
-92
-95
-80
-47
-19
12
28
42
45
33
12
-13
-42
-59
-69
-63
-43
-10
33
74
98
107
93
54
14
-23
-58
-80
-89
-86
-75
-50
-21
7
36
53
52
34
11
-17
-49
-73
-79
-64
-37
-10
9
13
21
16
0
-13
-34
-57
-71
-74
-56
-27
14
51
72
85
83
60
24
-9
-39
-60
-59
-47
-44
-40
-27
-11
2
18
26
17
3
-23
-40
-41
-32
-10
17
44
57
52
27
-6
-36
-56
-70
-82
-93
-95
-86
-64
-19
29
73
106
118
105
64
15
-36
-78
-88
-85
-74
-55
-42
-29
-13
6
26
30
29
17
1
-17
-25
-23
-1
19
35
44
38
11
-27
-56
-72
-71
-68
-59
-43
-25
-16
8
30
46
52
49
38
12
-26
-56
-69
-70
-56
-23
10
25
29
29
17
1
-18
-32
-45
-47
-48
-43
-28
-7
11
38
65
73
62
34
-4
-47
-75
-84
-79
-58
-31
-5
14
20
16
11
-2
-8
-2
-9
-16
-24
-26
-20
-8
7
26
35
29
7
-27
-55
-71
-77
-67
-35
-4
20
33
34
31
24
21
11
-4
-19
-35
-55
-64
-62
-43
-11
31
57
65
53
16
-23
-56
-68
-57
-39
-33
-28
-22
-16
-12
3
25
51
61
57
20
-24
-61
-69
-52
-17
11
21
10
-21
-52
-75
-78
-57
-26
14
40
49
36
26
30
44
60
66
46
0
-67
-128
-159
-157
-119
-56
8
51
62
58
45
31
39
56
64
47
9
-47
-97
-116
-104
-72
-20
13
26
13
-11
-41
-50
-29
15
52
67
62
29
-12
-38
-45
-38
-22
-16
-18
-35
-49
-59
-46
-9
39
75
90
74
30
-29
-78
-92
-82
-59
-32
-21
-15
-12
-4
7
31
54
69
69
53
12
-39
-83
-100
-90
-61
-37
-21
-10
-10
-19
-23
-16
2
28
46
63
59
45
17
-7
-15
-20
-23
-34
-54
-75
-89
-102
-98
-69
-24
27
76
105
99
80
46
14
-4
-13
-17
-25
-43
-58
-72
-83
-81
-63
-38
-7
19
19
12
3
-3
0
19
40
55
57
49
16
-10
-36
-57
-69
-68
-61
-49
-45
-39
-24
-4
16
36
52
53
44
24
3
-19
-35
-39
-36
-24
-16
-14
-22
-20
-24
-32
-32
-19
-12
-4
-3
-1
2
3
9
10
11
15
8
-9
-30
-43
-51
-51
-38
-6
8
26
30
25
7
-16
-26
-25
-11
0
-8
-17
-28
-28
-29
-23
-1
24
35
30
10
-24
-53
-60
-45
-9
20
30
23
2
-24
-41
-38
-24
-12
-2
-6
-23
-45
-59
-58
-25
24
72
92
77
37
-7
-37
-39
-26
-10
-5
-14
-47
-76
-92
-86
-52
0
48
69
64
35
10
-1
6
27
40
31
-1
-47
-96
-118
-119
-90
-45
-1
28
34
28
23
27
39
52
56
39
-3
-52
-94
-111
-100
-66
-22
15
41
46
37
36
39
34
28
12
-14
-51
-82
-98
-97
-75
-42
-2
32
44
46
47
55
53
45
33
8
-25
-61
-83
-99
-97
-86
-72
-46
-19
-2
18
37
57
75
83
75
53
23
-13
-43
-71
-83
-93
-92
-84
-63
-41
-11
22
49
67
69
63
47
32
11
-12
-34
-52
-64
-69
-64
-53
-39
-17
9
25
25
20
15
7
2
3
3
-8
-24
-38
-36
-26
-15
-11
-11
-14
-21
-27
-31
-22
-6
8
23
24
19
7
-3
-12
-14
-9
-3
-3
-20
-37
-43
-51
-44
-25
1
12
19
14
3
-5
-8
0
7
21
23
8
-9
-28
-42
-45
-39
-36
-37
-38
-36
-31
-24
-12
13
35
53
58
57
38
17
-9
-33
-55
-62
-59
-61
-54
-42
-29
-18
-9
4
26
47
58
58
44
25
-4
-35
-53
-52
-39
-34
-31
-30
-47
-59
-64
-46
-10
33
66
77
59
24
-6
-31
-30
-10
11
14
-16
-59
-102
-115
-94
-41
28
76
95
72
23
-16
-38
-24
10
47
64
32
-38
-101
-124
-109
-55
18
70
73
31
-24
-79
-94
-64
-4
57
91
82
28
-40
-89
-88
-44
28
70
64
16
-57
-109
-122
-92
-33
36
79
79
34
-28
-80
-78
-29
47
104
116
79
13
-51
-86
-84
-53
-16
5
-4
-35
-79
-111
-102
-58
19
90
130
123
74
14
-26
-35
-24
-11
-1
-12
-34
-74
-107
-120
-107
-64
-12
33
47
38
18
-2
1
27
56
85
88
72
30
-15
-63
-101
-108
-93
-75
-60
-52
-57
-61
-51
-20
23
73
112
131
123
87
38
-4
-38
-51
-51
-48
-59
-81
-111
-135
-137
-112
-60
0
60
95
106
104
92
82
74
67
55
29
-23
-84
-139
-179
-178
-149
-95
-34
19
52
69
71
74
78
94
97
75
30
-25
-85
-122
-133
-124
-90
-50
-17
2
6
2
3
15
48
86
90
63
12
-44
-81
-93
-90
-67
-42
-22
-15
-19
-17
-4
21
65
100
106
83
30
-36
-90
-118
-116
-90
-55
-32
-24
-22
-15
5
34
77
109
114
89
39
-30
-90
-115
-99
-65
-38
-26
-34
-44
-54
-47
-25
18
57
83
79
42
-3
-38
-46
-29
7
34
27
-5
-49
-70
-74
-47
-5
29
47
40
10
-34
-72
-78
-59
-16
26
42
26
-1
-17
-9
18
58
84
76
32
-34
-99
-146
-165
-145
-97
-43
-6
4
2
12
41
91
146
176
158
102
17
-64
-125
-146
-136
-112
-91
-85
-96
-109
-101
-49
26
113
183
203
178
123
69
29
4
-15
-34
-74
-130
-194
-229
-228
-194
-108
-9
73
116
135
132
130
128
134
129
96
39
-46
-135
-192
-214
-194
-152
-96
-57
-43
-29
-13
26
80
140
185
185
151
92
27
-23
-52
-63
-80
-103
-132
-164
-181
-166
-105
-24
54
113
132
114
89
72
72
82
74
41
-14
-80
-131
-164
-155
-112
-54
-9
7
-2
-28
-42
-22
29
81
115
112
67
13
-34
-52
-39
-13
14
13
-17
-67
-111
-123
-94
-29
33
73
69
19
-28
-56
-48
-3
44
70
69
37
-9
-52
-55
-33
10
43
36
-8
-84
-143
-159
-128
-66
10
54
57
44
25
25
45
79
107
108
76
16
-57
-122
-143
-116
-79
-47
-39
-64
-93
-89
-49
12
80
134
153
137
97
54
19
8
10
0
-30
-93
-167
-223
-234
-186
-106
-22
48
83
97
100
110
129
151
150
118
57
-27
-118
-179
-198
-179
-138
-100
-82
-70
-61
-34
23
96
169
211
208
168
96
19
-33
-66
-78
-93
-123
-164
-207
-226
-193
-111
-7
93
162
193
182
141
102
81
65
36
-5
-69
-141
-206
-238
-218
-155
-68
10
57
74
75
81
96
114
132
128
97
38
-39
-110
-151
-157
-133
-101
-79
-67
-60
-48
-15
39
99
138
149
128
89
39
-18
-60
-88
-98
-97
-101
-107
-105
-82
-42
10
54
79
91
81
59
39
18
3
-18
-36
-50
-59
-68
-68
-57
-37
-9
1
1
2
4
12

# direction: 1
20
41
49
40
25
12
-11
-18
-14
-23
-37
-49
-60
-68
-57
-43
-25
-8
5
27
35
46
56
65
61
40
6
-42
-85
-107
-117
-99
-79
-59
-44
-29
-3
37
80
119
140
133
99
37
-24
-79
-110
-107
-93
-90
-96
-106
-103
-81
-30
40
102
141
153
133
91
44
7
-14
-23
-34
-69
-126
-181
-213
-201
-144
-55
35
97
128
128
119
118
126
131
116
69
-7
-105
-193
-244
-243
-193
-113
-41
4
25
43
65
99
146
184
192
150
88
1
-84
-138
-157
-149
-128
-122
-133
-145
-138
-91
-14
74
147
185
189
157
105
59
30
6
-18
-56
-111
-172
-215
-223
-180
-103
-16
60
99
101
89
84
91
105
118
110
75
12
-68
-131
-152
-131
-89
-59
-49
-66
-89
-90
-53
10
80
131
143
117
67
15
-15
-28
-17
-1
-9
-47
-100
-150
-162
-129
-54
23
72
79
51
11
-20
-17
10
52
75
70
33
-17
-64
-78
-57
-4
41
45
11
-50
-104
-121
-95
-42
18
49
50
25
-12
-28
-13
25
69
97
82
30
-32
-84
-88
-69
-34
-13
-22
-61
-101
-120
-112
-77
-7
61
110
126
109
81
60
57
65
53
23
-30
-104
-168
-198
-183
-135
-79
-29
5
26
38
56
89
123
156
162
129
64
-12
-76
-114
-124
-117
-112
-127
-145
-157
-147
-99
-21
65
136
177
182
159
122
85
66
47
13
-42
-116
-185
-234
-244
-203
-133
-47
31
77
96
100
103
121
142
158
152
105
21
-74
-151
-181
-171
-139
-103
-88
-84
-83
-70
-37
20
90
157
191
177
122
42
-25
-62
-70
-69
-76
-88
-116
-146
-147
-109
-43
27
91
128
124
87
38
-1
-18
-9
15
22
7
-37
-76
-98
-80
-36
7
40
47
21
-12
-50
-68
-61
-30
10
40
46
17
-25
-43
-37
-6
32
51
49
22
-15
-58
-77
-74
-52
-30
-17
-17
-37
-56
-64
-40
12
72
114
118
93
50
5
-32
-57
-62
-60
-58
-66
-80
-95
-90
-57
4
66
110
120
102
49
-4
-37
-53
-56
-47
-44
-53
-66
-79
-73
-47
-9
47
85
97
76
35
-8
-25
-32
-30
-24
-30
-52
-78
-105
-104
-77
-25
36
91
119
116
93
61
29
13
3
-12
-43
-80
-129
-169
-175
-149
-86
-12
51
97
120
113
96
78
63
59
45
19
-20
-76
-133
-167
-170
-142
-85
-35
-3
14
22
31
36
53
79
105
112
100
66
16
-40
-82
-108
-103
-93
-74
-67
-65
-67
-63
-36
2
45
83
103
100
86
48
4
-29
-40
-33
-11
-5
-17
-52
-92
-113
-109
-82
-42
1
36
50
40
22
3
4
35
76
104
97
42
-27
-98
-142
-137
-99
-44
1
16
11
-21
-50
-55
-21
36
96
124
102
36
-47
-96
-96
-54
3
43
42
8
-49
-100
-120
-93
-37
31
76
82
40
-27
-80
-74
-24
42
83
88
44
-21
-81
-104
-84
-29
34
64
61
17
-44
-98
-109
-65
1
55
77
54
19
-18
-38
-22
12
49
58
40
-7
-67
-117
-134
-106
-51
0
31
36
18
0
-10
-2
31
55
59
39
9
-31
-62
-77
-69
-50
-38
-20
-12
-16
-23
-25
-11
14
42
52
57
44
24
2
-20
-36
-46
-53
-53
-53
-53
-48
-40
-24
-3
15
35
55
63
56
32
7
-16
-31
-48
-54
-56
-50
-40
-33
-31
-29
-18
-6
10
30
32
26
19
8
-7
-10
-5
0
2
-9
-18
-29
-38
-45
-47
-31
-9
5
7
12
3
3
3
12
20
20
11
-11
-32
-43
-46
-38
-27
-18
-14
-11
-15
-26
-22
-20
-12
3
13
15
9
7
10
10
13
1
-16
-33
-52
-56
-57
-46
-30
-18
-8
11
32
50
54
61
56
35
12
-21
-48
-74
-90
-93
-89
-75
-52
-31
-6
30
62
81
83
76
55
25
-5
-35
-57
-66
-71
-79
-91
-90
-76
-51
-13
27
55
73
79
66
55
39
23
11
-13
-44
-73
-98
-111
-99
-68
-26
20
48
61
60
46
34
25
22
13
-13
-53
-88
-108
-105
-78
-27
26
59
68
59
35
11
1
3
1
-6
-30
-70
-101
-113
-99
-59
-4
47
75
71
52
26
10
9
21
39
44
14
-33
-79
-105
-99
-75
-34
0
20
13
-7
-19
-19
0
38
71
79
50
-3
-57
-86
-86
-67
-41
-14
0
-4
-16
-24
-25
-6
18
36
39
14
-16
-36
-49
-38
-9
19
29
26
12
-7
-23
-39
-36
-29
-21
-6
-5
-11
-15
-20
-9
12
29
32
17
-2
-27
-46
-50
-43
-37
-19
6
17
17
10
3
0
-5
-10
-8
-13
-24
-27
-25
-30
-33
-32
-20
-3
-1
-4
-6
-10
-13
-7
2
16
38
45
41
27
7
-18
-43
-54
-56
-53
-50
-48
-47
-43
-29
-9
13
39
56
61
49
25
-4
-30
-38
-33
-21
-13
-12
-22
-43
-62
-73
-70
-52
-30
-3
21
29
24
25
38
58
74
78
63
26
-22
-71
-107
-120
-116
-91
-56
-24
-1
13
19
21
32
53
67
64
48
25
-7
-34
-49
-56
-52
-42
-28
-28
-41
-58
-69
-68
-46
-6
43
76
88
79
46
11
-17
-25
-32
-35
-41
-52
-64
-73
-67
-42
1
49
86
95
71
24
-20
-64
-75
-59
-43
-22
-9
-12
-26
-36
-24
2
36
61
57
30
-13
-52
-68
-58
-33
-6
15
9
-18
-51
-78
-80
-59
-11
46
78
81
64
33
19
13
16
22
1
-35
-84
-133
-151
-136
-92
-22
50
93
103
84
50
28
13
10
18
12
-16
-52
-83
-95
-89
-60
-16
25
40
23
-9
-41
-54
-38
-7
33
58
56
39
11
-12
-29
-34
-31
-35
-32
-40
-47
-50
-39
-8
27
60
70
56
26
-17
-55
-71
-70
-57
-33
-6
13
22
25
22
18
20
13
-4
-25
-50
-72
-73
-65
-36
-1
28
41
42
29
17
-2
-28
-35
-30
-22
-16
-13
-7
-3
1
11
13
0
-19
-36
-49
-62
-58
-42
-16
12
47
69
69
51
29
0
-35
-56
-61
-68
-65
-52
-29
-11
4
23
26
33
21
-2
-30
-52
-64
-63
-37
-2
30
48
55
45
30
10
-12
-30
-39
-50
-56
-62
-66
-50
-24
5
37
61
56
39
13
-9
-32
-42
-29
-8
5
8
7
-4
-18
-34
-42
-43
-47
-57
-61
-56
-36
-3
41
76
101
101
79
35
-11
-62
-95
-111
-109
-95
-74
-45
-19
11
40
63
77
73
52
18
-16
-45
-53
-43
-24
-5
14
21
14
-4
-21
-36
-40
-43
-41
-42
-35
-24
-1
34
55
64
58
43
8
-32
-68
-92
-99
-84
-59
-34
-9
11
25
33
32
21
-4
-29
-45
-50
-39
-16
10
35
54
61
58
34
9
-24
-58
-70
-70
-67
-56
-32
0
43
64
80
83
60
19
-29
-65
-94
-104
-98
-82
-50
-19
13
38
47
40
26
12
-18
-57
-77
-79
-71
-39
-1
24
40
51
57
51
34
11
-21
-40
-52
-44
-25
-5
8
22
18
15
-5
-34
-61
-75
-72
-47
-20
8
39
69
91
105
100
69
20
-39
-99
-148
-175
-172
-144
-96
-36
19
57
80
89
88
85
77
48
9
-35
-76
-93
-81
-58
-33
-12
3
-1
-17
-32
-47
-48
-22
17
60
86
89
79
61
45
27
-4
-56
-107
-142
-162
-152
-120
-67
-3
64
113
136
124
86
48
12
-9
-35
-61
-86
-101
-98
-80
-45
-9
23
36
29
9
-28
-58
-62
-38
-2
43
70
76
68
51
31
6
-15
-44
-73
-93
-108
-101
-80
-41
14
60
87
82
50
11
-32
-52
-53
-37
-22
-19
-19
-10
5
27
43
44
31
0
-46
-90
-112
-114
-86
-33
25
75
91
82
54
36
16
1
-13
-36
-57
-75
-81
-69
-47
-7
31
53
45
17
-19
-59
-66
-50
-14
21
47
59
45
28
7
-9
-19
-23
-41
-70
-98
-121
-119
-85
-27
43
95
123
110
68
16
-19
-37
-31
-20
-13
-13
-34
-57
-64
-56
-22
19
33
32
6
-34
-60
-59
-34
21
78
110
98
53
-9
-61
-94
-108
-84
-55
-46
-45
-52
-48
-25
16
66
99
99
76
27
-38
-83
-94
-73
-26
18
37
27
-14
-57
-76
-66
-31
9
40
46
28
0
-9
1
30
60
71
55
4
-65
-126
-147
-127
-80
-16
30
42
29
11
-2
-3
21
39
44
27
-9
-53
-85
-82
-50
-1
44
61
39
-10
-62
-89
-73
-23
38
81
96
70
30
-13
-40
-53
-54
-49
-51
-75
-98
-103
-76
-17
61
129
159
140
79
-2
-67
-103
-103
-86
-60
-39
-35
-44
-52
-43
-6
32
66
74
49
7
-39
-58
-41
9
61
90
81
36
-24
-89
-127
-133
-110
-63
-19
8
21
26
50
77
114
132
105
38
-50
-137
-190
-193
-154
-83
1
66
90
80
50
10
-14
-18
-9
-7
-17
-32
-44
-29
11
60
98
94
53
-13
-95
-171
-208
-186
-119
-27
59
117
133
121
108
98
85
55
8
-58
-132
-188
-201
-169
-94
15
102
152
141
83
6
-61
-93
-82
-44
-5
22
32
40
46
56
61
48
0
-73
-158
-233
-268
-240
-148
-7
137
242
283
253
177
85
-1
-70
-121
-158
-181
-186
-165
-119
-54
42
136
186
186
122
16
-78
-139
-139
-89
-8
75
129
136
117
74
21
-40
-96
-152
-210
-247
-257
-224
-129
9
173
302
352
317
201
51
-94
-199
-250
-251
-207
-144
-76
-13
50
115
164
185
165
102
-6
-122
-195
-198
-126
-6
127
215
240
192
95
-23
-143
-228
-278
-282
-259
-215
-140
-33
97
233
340
385
340
202
13
-178
-323
-380
-349
-260
-135
-2
108
178
209
201
173
119
45
-46
-131
-183
-184
-110
22
154
249
273
215
94
-63
-220
-334
-379
-362
-300
-193
-57
94
235
354
422
416
319
153
-54
-251
-385
-421
-355
-235
-93
38
137
197
209
183
120
33
-73
-170
-229
-229
-157
-27
140
280
339
297
157
-39
-222
-342
-369
-324
-232
-111
18
147
269
383
452
452
359
161
-104
-382
-601
-689
-623
-428
-164
81
246
321
318
275
219
151
79
-6
-101
-181
-212
-165
-42
130
302
403
383
233
-1
-229
-378
-419
-353
-213
-58
89
197
256
270
231
133
-8
-199
-398
-567
-656
-626
-450
-161
172
464
641
685
598
437
243
66
-84
-206
-290
-323
-302
-210
-60
113
263
343
320
193
-5
-230
-413
-522
-548
-489
-355
-170
33
204
308
341
296
208
98
-10
-72
-68
-5
103
217
301
334
303
198
14
-239
-533
-806
-965
-940
-707
-298
225
734
1111
1289
1227
949
545
135
-192
-403
-563
-722
-888
-971
-863
-531
-57
396
658
634
367
25
-131
68
578
1149
1447
1223
319
-1149
-2783
-3907
-3832
-2403
-11
2732
5262
6966
7043
4947
1452
-1956
-4952
-9310
-16485
-23708
-23819
-12066
8083
26144
32768
27578
15761
4421
-2176
-3544
-2054
-1207
-2646
-5382
-7616
-8481
-7950
-6211
-3913
-2066
-1152
-806
-397
261
1050
1752
2080
1837
1159
406
-164
-372
-133
413
994
1397
1522
1374
1083
828
675
541
329
-31
-525
-1025
-1337
-1327
-1004
-467
139
646
947
999
846
564
257
-6
-194
-318
-394
-443
-465
-432
-339
-230
-140
-82
-80
-121
-189
-232
-228
-166
-29
148
319
446
492
450
320
126
-96
-314
-488
-564
-551
-433
-252
-48
147
300
388
414
367
256
100
-94
-289
-428
-478
-403
-205
75
352
554
618
543
366
146
-59
-229
-332
-383
-385
-341
-262
-154
-18
132
248
283
213
48
-144
-294
-353
-288
-126
81
242
325
334
274
182
94
6
-82
-167
-251
-316
-326
-254
-81
159
390
532
534
373
111
-174
-401
-535
-567
-507
-393
-257
-111
34
173
306
398
430
365
211
9
-191
-317
-322
-225
-76
88
199
225
172
77
-27
-116
-186
-219
-207
-167
-100
0
121
245
337
365
300
146
-58
-249
-393
-454
-424
-325
-185
-29
127
253
343
385
363
267
119
-51
-206
-310
-338
-278
-151
-11
98
162
158
99
24
-40
-95
-135
-160
-162
-131
-52
57
181
290
357
332
226
62
-130
-300
-398
-413
-341
-220
-83
34
119
182
226
241
222
159
55
-69
-195
-279
-278
-214
-94
47
157
202
176
91
-18
-105
-144
-142
-103
-53
-9
40
102
163
211
234
203
122
-10
-163
-294
-368
-361
-271
-127
32
150
209
213
181
136
80
29
-25
-87
-143
-183
-185
-142
-64
31
114
161
138
58
-47
-138
-179
-159
-84
-1
75
127
155
155
140
110
75
16
-62
-144
-229
-284
-283
-210
-76
74
192
251
236
173
82
-3
-60
-92
-103
-107
-102
-101
-90
-62
-19
36
72
74
42
-28
-103
-141
-124
-54
44
127
176
177
137
75
5
-53
-89
-108
-118
-130
-141
-142
-105
-44
52
145
198
191
126
31
-57
-116
-130
-113
-73
-24
8
16
6
-4
-10
-5
5
2
-23
-66
-97
-97
-56
16
90
143
156
122
46
-37
-107
-143
-140
-107
-74
-43
-31
-28
-11
23
70
118
133
107
46
-25
-76
-98
-84
-48
0
31
35
9
-40
-82
-90
-71
-30
8
34
27
11
5
27
55
74
75
57
7
-70
-141
-187
-176
-125
-43
35
79
82
62
38
26
23
35
38
24
-13
-60
-90
-98
-81
-31
28
63
62
22
-30
-65
-63
-31
20
64
80
58
11
-33
-59
-69
-53
-30
-19
-24
-51
-75
-81
-47
13
74
112
107
65
1
-62
-97
-93
-63
-26
-2
0
-13
-28
-31
-23
12
52
69
61
25
-26
-63
-62
-25
24
69
76
45
-15
-79
-124
-132
-106
-56
-1
39
47
31
17
25
39
65
75
47
-6
-71
-121
-143
-126
-74
-9
42
62
43
3
-36
-51
-36
-4
31
52
55
31
8
-8
-4
13
21
11
-19
-64
-107
-137
-139
-94
-20
56
101
115
101
64
26
2
-11
-15
-27
-50
-76
-93
-93
-70
-27
18
50
55
32
-7
-51
-68
-58
-27
20
56
72
67
45
18
-3
-19
-32
-48
-66
-90
-99
-93
-65
-8
48
91
114
98
50
4
-42
-67
-71
-60
-46
-34
-30
-22
-7
6
21
35
35
3
-38
-86
-102
-87
-51
-1
50
80
94
79
49
19
-9
-30
-50
-65
-78
-85
-82
-60
-22
24
59
73
54
13
-25
-50
-53
-37
-14
19
48
62
55
36
14
-12
-31
-53
-82
-113
-140
-143
-104
-41
38
96
140
151
133
94
41
-11
-48
-77
-95
-109
-117
-114
-96
-60
-13
31
57
52
29
12
2
4
18
38
57
64
61
35
-3
-47
-81
-108
-117
-121
-116
-99
-72
-22
44
106
150
159
142
99
41
-19
-78
-116
-131
-131
-107
-78
-44
-17
13
40
57
61
50
23
-9
-29
-36
-34
-21
-9
7
10
21
13
-5
-32
-55
-65
-61
-52
-32
-1
30
53
67
64
48
17
-15
-45
-68
-82
-82
-72
-48
-18
16
49
67
69
52
28
-7
-50
-83
-98
-85
-64
-39
-3
33
54
57
52
44
27
3
-34
-68
-79
-73
-58
-28
-3
26
44
41
22
4
-18
-30
-41
-43
-38
-21
-4
20
40
52
47
37
14
-29
-67
-87
-92
-87
-62
-28
-2
20
30
35
31
31
27
16
-3
-26
-46
-50
-38
-18
6
31
41
24
-7
-39
-65
-80
-75
-60
-30
2
27
41
59
77
88
77
54
10
-43
-93
-124
-135
-120
-83
-37
2
36
53
51
41
32
30
26
9
-7
-25
-37
-36
-24
-14
1
2
-8
-24
-48
-67
-72
-63
-37
2
37
59
64
54
41
32
14
-3
-28
-56
-72
-89
-85
-63
-32
8
39
54
48
31
10
-18
-43
-50
-47
-40
-19
-5
7
26
34
35
32
22
-4
-37
-62
-84
-88
-72
-36
2
33
50
51
46
23
7
-9
-26
-30
-23
-19
-18
-13
-14
-6
-5
4
6
-4
-24
-45
-58
-61
-48
-24
7
37
53
55
50
18
-10
-29
-39
-47
-47
-56
-55
-51
-40
-12
23
49
66
58
28
-7
-49
-79
-80
-56
-24
12
33
26
19
11
2
3
11
11
-1
-22
-48
-68
-69
-52
-19
18
39
35
10
-22
-47
-50
-28
10
42
60
53
30
2
-22
-31
-29
-30
-32
-49
-77
-107
-115
-82
-20
54
111
135
125
81
28
-13
-37
-41
-37
-37
-51
-74
-100
-109
-88
-38
24
74
86
61
21
-15
-30
-17
7
38
50
37
0
-48
-98
-111
-88
-48
-13
9
12
-5
-20
-14
19
52
73
73
47
-3
-59
-103
-112
-94
-42
5
46
49
34
12
7
12
24
34
18
-7
-41
-73
-99
-100
-71
-28
22
56
56
38
8
-11
-16
-1
19
30
31
17
-13
-45
-70
-82
-78
-60
-39
-25
-22
-22
-19
-5
31
63
87
101
89
58
13
-40
-77
-98
-105
-87
-65
-45
-38
-32
-26
-7
19
39
54
61
54
37
13
-8
-28
-28
-8
-1
-9
-24
-48
-74
-88
-82
-62
-35
-7
20
35
39
34
35
39
41
41
29
7
-20
-55
-76
-77
-71
-49
-22
-1
7
6
1
-3
-1
0
6
18
18
15
12
2
-5
-10
-14
-19
-23
-30
-36
-43
-49
-40
-28
-9
10
26
27
23
17
-4
-21
-32
-42
-34
-16
-7
-3
-8
-13
-19
-11
7
22
25
14
-6
-30
-47
-49
-41
-18
10
28
35
20
-13
-41
-42
-33
-13
1
10
5
-16
-29
-27
-11
18
41
50
33
-3
-48
-79
-94
-78
-39
-5
14
10
-15
-37
-33
-4
33
66
85
69
34
-11
-51
-66
-47
-23
-9
-11
-36
-76
-100
-88
-42
15
69
101
102
73
35
-3
-15
-18
-19
-23
-51
-84
-113
-121
-100
-48
13
71
97
89
63
27
-7
-29
-32
-30
-36
-52
-73
-84
-71
-36
6
50
80
83
64
41
15
-10
-25
-33
-42
-55
-70
-82
-81
-58
-29
6
40
61
68
66
53
38
31
17
-4
-31
-63
-87
-110
-115
-99
-73
-43
-1
27
41
61
76
79
69
52
26
-7
-46
-73
-87
-85
-78
-64
-45
-23
2
20
37
55
55
47
36
17
-6
-27
-30
-35
-36
-36
-38
-40
-31
-25
-19
-8
4
6
-1
-3
-4
-1
9
12
10
3
-15
-29
-41
-42
-35
-24
-17
-12
-11
-18
-21
-9
4
27
37
34
19
1
-16
-25
-24
-12
-3
-2
-11
-22
-35
-46
-42
-27
-8
3
12
10
4
1
7
18
30
27
16
-4
-27
-43
-67
-77
-77
-61
-39
-17
-1
9
21
33
35
37
37
31
20
2
-17
-36
-55
-70
-70
-58
-38
-21
1
12
9
-1
-2
9
29
43
51
52
26
-15
-40
-65
-73
-59
-42
-21
-16
-33
-52
-57
-39
8
64
100
104
75
15
-41
-79
-86
-58
-22
3
0
-28
-64
-84
-77
-28
36
95
110
74
8
-59
-95
-74
-19
45
80
65
17
-45
-98
-116
-88
-21
47
76
52
-5
-76
-108
-84
-8
69
106
95
39
-34
-91
-100
-67
-9
55
81
54
-10
-86
-129
-125
-73
7
64
68
37
-15
-50
-47
1
60
105
115
88
25
-57
-122
-144
-116
-60
-10
9
-3
-37
-61
-58
-21
30
74
100
95
62
21
-20
-49
-47
-25
-3
5
-12
-53
-99
-124
-118
-81
-37
4
36
56
59
51
50
53
58
68
67
53
14
-39
-97
-126
-136
-124
-86
-51
-23
-15
-16
-15
-3
26
63
108
134
132
105
52
-4
-52
-84
-93
-91
-96
-112
-128
-135
-127
-92
-32
52
127
168
171
139
90
40
5
-13
-28
-50
-78
-112
-146
-163
-140
-86
-19
45
86
103
93
71
50
31
26
31
25
6
-35
-88
-126
-137
-116
-66
-12
27
43
43
30
25
34
45
50
48
17
-31
-83
-117
-144
-127
-69
-5
48
72
62
45
34
39
49
57
45
13
-40
-93
-131
-138
-113
-61
-3
42
58
49
19
6
13
37
58
63
43
3
-45
-85
-102
-93
-62
-22
10
9
-20
-43
-57
-37
10
58
85
69
24
-28
-61
-68
-49
-15
18
41
40
11
-26
-45
-38
-10
25
38
15
-43
-99
-128
-122
-73
1
67
105
109
85
55
33
21
23
30
15
-28
-101
-164
-199
-186
-129
-52
19
61
70
62
54
62
87
120
138
125
79
-9
-99
-165
-196
-177
-142
-101
-81
-80
-76
-48
7
90
177
229
238
195
120
33
-42
-92
-111
-112
-133
-172
-198
-206
-170
-99
-14
81
144
164
151
122
96
74
71
73
48
-3
-74
-156
-207
-215
-178
-119
-65
-30
-17
-7
19
63
121
173
195
186
132
50
-36
-102
-120
-117
-106
-109
-118
-132
-126
-93
-38
42
110
143
131
92
41
7
3
18
41
37
4
-57
-126
-157
-147
-92
-32
10
22
-1
-35
-44
-24
24
77
117
119
77
7
-61
-92
-72
-28
23
39
11
-42
-86
-96
-73
-23
25
43
28
-13
-59
-82
-61
-11
69
125
133
95
24
-39
-71
-61
-29
-8
-18
-62
-114
-147
-143
-103
-32
44
94
103
74
34
12
26
66
102
111
67
-3
-84
-137
-155
-133
-99
-75
-68
-75
-81
-65
-23
54
143
205
223
183
103
26
-33
-61
-71
-82
-111
-156
-195
-208
-186
-127
-36
56
116
140
135
115
96
97
106
112
83
13
-83
-165
-217
-220
-184
-131
-82
-50
-30
-8
27
78
148
217
251
228
140
33
-67
-139
-163
-161
-149
-141
-151
-155
-139
-93
-14
89
178
220
210
156
85
16
-22
-27
-29
-49
-95
-145
-180
-193
-164
-102
-25
49
98
116
102
87
84
97
101
90
46
-20
-97
-158
-179
-167
-135
-83
-40
-1
24
38
57
79
100
113
105
68
12
-47
-90
-105
-108
-87
-76
-64
-53
-33
-17
6
36
52
58
55
45
