# 2019-09-17 13:27:49.674836
# resolution = 4
# velocity = 3
# LP filter = 5
# HP filter = 2
# gain = 1

# direction: 0
-39
-55
-68
-71
-72
-65
-42
-18
0
18
27
26
18
12
16
21
28
31
19
-2
-28
-46
-50
-43
-27
-19
-16
-16
-25
-39
-38
-25
-2
24
37
35
21
1
-12
-18
-13
1
13
6
-18
-39
-54
-59
-53
-33
-13
-1
1
-3
-15
-17
-7
10
36
50
42
19
-5
-29
-40
-32
-21
-18
-18
-32
-46
-47
-40
-28
-8
16
29
33
18
0
-7
-2
7
15
22
5
-18
-34
-46
-53
-47
-37
-27
-23
-25
-26
-23
-18
1
25
44
52
45
26
5
-11
-15
-15
-18
-32
-42
-45
-58
-57
-47
-26
-5
18
21
20
19
19
20
26
26
11
-8
-27
-47
-47
-50
-52
-41
-30
-21
-18
-12
-4
7
18
35
43
36
20
1
-23
-36
-35
-36
-32
-37
-41
-41
-32
-20
-6
6
26
39
41
30
12
-3
-12
-18
-23
-25
-30
-38
-49
-44
-30
-19
-4
1
9
9
13
9
7
9
9
7
2
-12
-29
-48
-49
-47
-38
-25
-17
-17
-16
-11
-3
6
23
29
33
29
17
5
-11
-23
-26
-20
-28
-38
-41
-37
-38
-31
-14
-2
9
14
20
24
22
17
15
7
-2
-11
-28
-39
-45
-53
-53
-47
-35
-23
-9
0
10
17
25
29
29
24
13
-4
-21
-30
-48
-55
-47
-41
-33
-23
-12
3
10
15
27
26
25
34
25
9
-1
-15
-30
-46
-53
-54
-50
-44
-32
-27
-20
-8
5
18
34
42
42
33
15
-6
-31
-42
-44
-44
-47
-44
-45
-53
-48
-32
-10
18
37
46
51
45
30
12
-4
-8
-9
-11
-25
-46
-65
-73
-71
-55
-24
6
25
33
30
20
9
9
19
25
18
5
-15
-50
-65
-64
-52
-31
-5
3
2
-8
-18
-20
-8
7
25
24
9
-17
-29
-39
-38
-23
1
19
28
16
2
-7
-13
-13
-4
7
3
-22
-47
-70
-77
-59
-27
2
25
39
38
30
26
28
27
30
31
9
-31
-70
-98
-107
-104
-77
-48
-28
-14
4
23
36
53
79
89
88
66
25
-24
-58
-79
-94
-89
-79
-73
-63
-56
-39
-15
23
58
82
95
78
55
27
2
-17
-23
-28
-39
-55
-67
-83
-81
-65
-39
-11
12
20
20
17
5
-4
8
22
33
28
17
-6
-26
-33
-35
-29
-15
-11
-20
-38
-51
-51
-47
-42
-21
-1
27
42
36
30
29
35
40
43
34
12
-24
-56
-82
-101
-99
-87
-68
-40
-14
-1
12
27
43
58
70
71
56
30
-3
-33
-56
-70
-75
-75
-62
-45
-37
-27
-18
-14
6
24
38
46
41
32
17
1
-13
-23
-30
-31
-23
-20
-22
-26
-32
-31
-21
-8
1
9
6
-2
-12
-23
-20
-14
-7
2
12
9
1
-14
-24
-21
-16
-9
-3
1
-6
-25
-33
-37
-29
-19
-1
5
4
-3
-14
-17
-13
0
16
24
28
14
-11
-27
-32
-25
-16
-14
-15
-24
-37
-50
-56
-47
-21
13
38
42
34
20
9
2
3
9
7
-3
-23
-48
-72
-82
-68
-41
-16
6
18
19
16
13
19
29
32
28
15
-6
-36
-56
-64
-54
-38
-20
-6
-7
-2
0
3
14
32
38
32
12
-20
-46
-60
-59
-50
-38
-26
-15
-9
-1
8
24
35
44
44
22
2
-34
-58
-65
-63
-60
-56
-47
-46
-33
-4
28
55
77
75
66
47
19
-6
-23
-36
-47
-60
-74
-90
-97
-88
-66
-20
26
58
76
74
59
42
37
39
33
12
-18
-58
-95
-119
-127
-103
-65
-21
7
24
22
22
26
50
74
89
74
37
-11
-59
-86
-87
-76
-55
-34
-24
-28
-32
-32
-18
13
55
87
83
52
9
-33
-53
-46
-35
-26
-21
-27
-47
-60
-61
-43
-6
35
62
63
37
5
-28
-43
-38
-25
-9
-11
-26
-45
-53
-47
-29
3
37
57
51
30
3
-16
-25
-29
-23
-15
-20
-37
-50
-55
-48
-25
6
30
46
54
43
20
2
-7
-15
-17
-17
-31
-46
-64
-70
-71
-52
-26
-5
18
38
52
49
37
27
17
10
-2
-14
-26
-44
-61
-71
-74
-67
-47
-20
8
31
46
47
45
37
31
25
18
7
-7
-31
-59
-82
-97
-94
-73
-41
-7
10
23
29
28
37
52
64
68
58
17
-32
-77
-105
-109
-98
-73
-51
-33
-30
-27
-14
16
57
87
107
103
71
29
-15
-49
-65
-62
-59
-60
-70
-88
-91
-77
-45
1
55
91
105
80
48
27
13
8
1
-7
-26
-60
-103
-128
-123
-94
-47
8
42
45
39
31
28
38
58
67
56
25
-19
-66
-98
-104
-85
-54
-27
-11
-9
-18
-20
-10
18
53
77
73
46
7
-29
-48
-53
-44
-27
-20
-23
-35
-54
-57
-36
-3
30
47
40
23
-2
-28
-40
-30
-12
2
2
-12
-29
-45
-43
-18
11
34
42
32
5
-23
-38
-44
-26
-12
1
0
-16
-31
-35
-27
-9
9
31
43
36
12
-12
-27
-33
-37
-28
-17
-22
-35
-45
-47
-43
-22
2
26
41
41
26
10
-5
-11
-6
-2
-6
-22
-38
-58
-64
-63
-43
-20
4
23
31
25
22
16
12
13
21
16
3
-6
-26
-46
-57
-54
-43
-32
-14
-7
-10
-16
-18
-7
9
24
33
40
31
10
-17
-33
-41
-36
-27
-22
-28
-40
-52
-59
-45
-16
13
37
49
41
30
17
4
1
6
4
0
-14
-35
-61
-78
-74
-55
-28
1
21
23
15
5
8
19
32
37
32
15
-15
-45
-71
-68
-62
-44
-23
-13
-10
-21
-23
-12
5
31
47
44
31
8
-18
-37
-43
-38
-24
-7
-4
-12
-22
-40
-37
-20
1
26
33
24
5
-17
-31
-32
-22
-11
2
8
2
-15
-34
-33
-21
-5
17
21
17
-2
-31
-47
-47
-35
-19
1
10
4
-11
-17
-19
-10
5
22
29
21
4
-20
-39
-45
-37
-30
-13
-3
-5
-17
-22
-18
-10
12
28
38
30
12
-11
-30
-36
-35
-21
-13
-13
-17
-26
-31
-37
-26
-8
8
14
13
2
-7
-14
-15
-11
-1
2
0
-10
-23
-29
-28
-19
-8
3
2
-9
-23
-24
-24
-18
-6
-2
2
-2
-5
-5
-2
13
23
23
20
8
-15
-30
-44
-52
-51
-44
-42
-37
-32
-28
-16
6
27
46
53
47
32
16
-6
-18
-19
-28
-40
-55
-68
-76
-66
-45
-26
3
33
45
45
37
33
35
40
35
23
-1
-38
-66
-86
-94
-74
-43
-23
-8
-8
-7
-5
6
25
51
64
64
36
-4
-40
-67
-69
-51
-35
-25
-26
-32
-42
-44
-29
0
36
59
63
35
2
-28
-36
-33
-14
4
4
-9
-39
-51
-55
-38
-9
28
52
47
22
-12
-35
-45
-33
-7
12
10
-7
-37
-66
-63
-39
0
35
51
43
16
-13
-31
-42
-40
-19
-2
-3
-18
-42
-54
-48
-27
11
37
44
37
16
-8
-20
-24
-17
-1
8
4
-14
-36
-51
-52
-29
0
29
38
25
1
-13
-30
-28
-17
-12
-11
-12
-18
-32
-38
-31
-13
11
30
35
37
17
-12
-30
-37
-32
-32
-42
-45
-48
-51
-40
-23
-1
20
36
51
60
49
33
15
-6
-21
-38
-46
-52
-67
-64
-54
-43
-32
-16
4
26
40
53
56
43
23
2
-12
-22
-30
-41
-45
-43
-45
-51
-50
-45
-28
-3
17
36
34
25
7
-6
-18
-20
-11
-1
2
1
-5
-20
-31
-35
-19
-1
14
17
1
-26
-46
-51
-44
-24
-7
11
23
16
9
-4
-5
6
22
31
23
-2
-32
-62
-81
-73
-51
-21
-1
5
-4
-16
-26
-16
9
40
63
67
36
-5
-40
-56
-52
-33
-8
0
-9
-34
-58
-68
-56
-24
16
50
58
44
9
-22
-30
-13
9
34
36
16
-24
-65
-84
-75
-42
-10
10
13
-5
-31
-53
-44
-12
35
63
71
52
9
-29
-50
-49
-32
-14
-5
-14
-38
-65
-78
-62
-21
30
68
80
63
29
-10
-26
-25
-10
2
-3
-28
-54
-81
-92
-74
-37
15
55
72
56
27
-2
-13
-11
-5
3
4
-23
-57
-85
-92
-82
-49
-7
31
51
56
42
20
15
18
24
28
12
-17
-51
-84
-101
-96
-72
-34
4
32
43
42
35
26
35
48
44
26
-3
-35
-67
-93
-98
-82
-54
-30
-17
-5
8
13
17
31
50
53
44
27
-7
-37
-61
-69
-57
-51
-43
-31
-28
-20
-8
3
26
46
53
47
30
3
-16
-25
-33
-29
-29
-38
-46
-47
-38
-23
0
26
38
41
30
12
-9
-20
-29
-39
-38
-39
-41
-47
-49
-43
-15
15
49
68
63
40
12
-7
-23
-25
-30
-42
-55
-74
-85
-85
-67
-35
10
52
78
88
78
58
44
37
27
11
-18
-62
-102
-134
-153
-134
-100
-55
-5
35
56
74
81
96
110
112
93
48
-7
-69
-119
-150
-155
-141
-109
-78
-58
-37
-15
32
82
129
160
158
128
69
15
-31
-67
-84
-100
-113
-125
-133
-130
-102
-60
-3
60
105
119
115
85
59
46
32
8
-20
-56
-90
-117
-132
-122
-93
-53
-9
21
36
35
28
28
37
48
52
39
13
-24
-46
-50
-37
-28
-12
1
0
-19
-29
-38
-38
-23
-4
9
8
-4
-17
-24
-9
19
37
48
39
20
-2
-22
-32
-37
-38
-38
-44
-60
-76
-78
-58
-32
6
35
54
55
38
29
29
23
22
15
-12
-40
-63
-78
-79
-65
-38
-12
4
6
-2
-10
-4
10
34
44
41
20
-7
-27
-37
-25
-11
1
5
-7
-22
-42
-52
-44
-31
-15
-2
-1
-12
-24
-25
-11
14
43
56
56
31
-9
-37
-48
-40
-31
-25
-34
-46
-64
-65
-54
-27
18
55
71
64
41
13
-9
-14
-5
4
-2
-30
-68
-97
-100
-79
-38
7
40
48
47
29
14
7
11
23
30
16
-21
-62
-94
-100
-79
-43
-3
22
29
22
4
3
14
29
46
48
33
4
-39
-72
-77
-63
-32
-14
-8
-16
-27
-33
-19
13
39
55
55
43
13
-20
-46
-46
-35
-24
-22
-28
-42
-57
-64
-48
-10
25
44
40
22
14
-3
-12
-7
1
9
7
-6
-37
-66
-65
-46
-21
7
25
19
3
-19
-26
-16
5
28
34
23
1
-29
-52
-57
-38
-11
5
9
1
-14
-27
-29
-13
6
21
24
14
-8
-34
-57
-59
-40
-14
6
13
13
0
-17
-17
-3
14
26
29
15
-7
-29
-47
-56
-49
-32
-16
1
-6
-17
-20
-20
-7
13
36
47
41
30
11
-11
-24
-34
-33
-33
-33
-39
-53
-58
-54
-44
-21
6
26
31
36
40
33
18
5
1
-4
-12
-21
-36
-50
-63
-62
-50
-31
-13
5
15
21
23
19
13
17
16
14
13
3
-13
-33
-50
-52
-44
-26
-12
-10
-7
-3
0
5
2
-3
-4
-10
-17
-25
-36
-38
-33
-20
-5
11
18
17
21
23
24
15
-2
-22
-37
-51
-57
-64
-68
-57
-37
-16
0
16
35
59
78
80
76
50
16
-18
-44
-62
-74
-87
-93
-100
-99
-82
-59
-27
22
67
99
114
102
72
45
30
16
0
-25
-62
-105
-145
-167
-149
-101
-43
9
55
72
64
50
50
62
84
105
99
47
-25
-98
-143
-151
-121
-79
-46
-22
-20
-37
-43
-23
28
89
144
154
123
44
-37
-86
-95
-70
-39
-28
-42
-81
-116
-130
-100
-35
46
113
138
110
57
3
-30
-19
18
48
46
6
-63
-123
-154
-142
-78
-5
48
62
40
8
-17
-14
13
63
100
92
49
-18
-87
-123
-121
-79
-30
-5
-10
-32
-61
-63
-36
23
83
113
106
67
12
-38
-59
-54
-36
-20
-14
-39
-75
-103
-99
-53
2
48
72
67
43
19
11
19
37
42
31
-2
-43
-89
-119
-114
-79
-39
-10
7
2
-11
-8
17
54
85
90
69
24
-11
-42
-64
-68
-59
-41
-39
-54
-73
-87
-75
-38
18
66
84
71
50
27
13
15
21
22
13
-10
-43
-77
-106
-100
-73
-34
-4
7
-5
-19
-14
14
43
68
78
60
26
-15
-38
-44
-45
-37
-31
-30
-42
-58
-69
-67
-40
0
29
47
35
12
-6
-3
11
25
35
28
12
-9
-36
-53
-53
-41
-23
-5
-8
-23
-43
-57
-46
-20
4
20
25
19
13
16
21
35
48
45
33
10
-29
-64
-88
-96
-86
-68
-59
-59
-61
-51
-24
24
70
97
109
105
83
49
19
-9
-31
-52
-78
-105
-126
-139
-126
-91
-46
5
49
80
95
104
105
100
98
78
38
-2
-54
-107
-153
-168
-163
-127
-89
-57
-28
1
40
72
105
133
142
119
73
22
-27
-69
-100
-112
-113
-113
-112
-103
-88
-51
-5
56
97
118
117
94
68
48
27
11
-12
-44
-76
-105
-129
-135
-119
-78
-28
13
41
55
54
60
69
79
81
67
35
-16
-67
-101
-121
-114
-93
-65
-36
-26
-26
-15
7
39
71
94
91
77
30
-15
-45
-61
-67
-58
-55
-57
-67
-65
-55
-28
9
48
73
83
69
45
17
-3
-18
-30
-40
-51
-67
-79
-86
-77
-49
-11
25
46
60
57
46
33
19
7
-3
-24
-55
-75
-85
-85
-71
-47
-15
8
23
38
47
58
63
61
50
27
-7
-49
-79
-89
-85
-71
-57
-41
-34
-19
-2
27
60
79
86
76
45
6
-33
-64
-73
-74
-70
-70
-74
-73
-63
-43
-8
38
79
100
91
58
24
-5
-30
-45
-47
-50
-65
-80
-88
-81
-56
-10
39
71
88
78
59
33
10
0
-7
-16
-29
-51
-83
-103
-102
-75
-39
1
37
58
55
46
37
35
35
36
22
-9
-51
-88
-111
-114
-87
-58
-31
0
18
29
37
46
58
65
68
57
24
-15
-52
-78
-85
-75
-64
-56
-50
-41
-26
-5
18
41
57
60
51
38
16
-3
-17
-29
-32
-41
-52
-60
-58
-53
-40
-20
-5
10
15
11
12
22
29
25
13
0
-15
-37
-46
-42
-32
-20
-8
3
-1
-11
-16
-16
-6
5
16
16
1
-21
-39
-42
-35
-7
10
21
21
6
-11
-17
-12
6
11
14
1
-32
-58
-75
-66
-45
-23
-5
4
1
-3
3
5
21
42
53
51
26
-7
-47
-72
-75
-64
-44
-27
-31
-31
-25
-17
3
33
61
78
76
55
17
-21
-45
-50
-47
-47
-46
-52
-61
-61
-49
-25
11
31
50
54
40
23
4
-12
-21
-30
-35
-36
-48
-54
-49
-39
-26
-7
14
33
44
42
29
8
-11
-23
-26
-29
-38
-42
-43
-40
-25
-14
1
18
34
47
47
39
20
-2
-29
-50
-58
-62
-68
-64
-55
-45
-33
-10
11
34
60
72
68
49
19
-11
-35
-50
-51
-54
-63
-71
-75
-74
-57
-32
6
40
73
86
79
62
41
20
14
2
-11
-30
-65
-102
-119
-114
-91
-53
-13
18
43
51
51
51
49
50
53
53
33
-1
-57
-91
-105
-100
-84
-65
-50
-43
-41
-32
-1
32
62
89
95
82
58
26
2
-17
-30
-42
-52
-69
-94
-111
-103
-82
-39
3
41
64
69
65
64
54
49
44
30
5
-28
-67
-95
-112
-105
-92
-66
-35
-20
-16
-4
16
46
73
86
83
62
27
-6
-31
-44
-52
-60
-72
-74
-81
-82
-68
-41
7
53
71
71
58
36
24
17
20
15
-5
-31
-61
-85
-86
-76
-61
-31
-4
19
24
14
8
12
28
43
48
42
9
-34
-64
-74
-70
-58
-40
-28
-20
-20
-17
-10
7
35
61
81
70
38
-1
-38
-56
-55
-48
-45
-52
-60
-65
-62
-44
-15
25
64
82
81
62
38
5
-2
-9
-8
-20
-51
-85
-108
-118
-105
-73
-27
9
38
49
47
46
49
68
78
78
57
14
-43
-92
-122
-125
-101
-73
-57
-53
-50
-39
-9
36
80
115
127
111
78
33
-9
-40
-49
-51
-58
-74
-95
-115
-118
-96
-51
-12
32
59
62
59
46
42
40
48
51
35
4
-38
-77
-96
-103
-78
-42
-28
-20
-21
-23
-19
-9
17
44
58
60
43
17
-5
-14
-15
-4
0
-2
-17
-44
-61
-62
-53
-30
-17
-9
-12
-13
-17
-12
-4
12
22
30
24
11
-6
-22
-24
-12
-7
-8
-13
-22
-37
-39
-41
-42
-35
-21
-17
-18
-13
0
20
37
52
55
47
28
19
6
-11
-20
-31
-53
-74
-87
-92
-86
-63
-35
4
28
40
49
49
47
53
57
48
24
-6
-43
-79
-97
-93
-77
-53
-37
-23
-19
-11
-1
20
44
66
77
65
32
-8
-40
-62
-65
-49
-33
-22
-21
-29
-36
-24
-6
16
39
50
40
18
-13
-49
-59
-50
-27
-5
0
-11
-19
-32
-33
-17
8
29
34
26
0
-25
-41
-44
-32
-11
5
10
4
-19
-38
-41
-23
-4
11
22
16
1
-19
-30
-27
-10
8
24
32
28
7
-17
-29
-35
-28
-22
-17
-24
-39
-60
-73
-63
-35
0
37
59
74
66
40
17
8
5
1
-7
-30
-66
-105
-130
-134
-107
-59
-1
41
69
75
64
50
51
61
77
84
62
13
-53
-114
-150
-147
-118
-77
-40
-20
-28
-30
-19
11
62
112
141
142
101
32
-31
-76
-85
-76
-57
-49
-66
-101
-125
-123
-83
-16
49
102
116
94
56
17
5
12
28
46
31
-10
-70
-122
-128
-104
-61
-9
17
21
2
-17
-26
-11
22
57
82
73
47
-1
-46
-60
-45
-18
-2
-4
-27
-63
-85
-83
-64
-31
-3
24
28
13
-9
-11
6
34
59
68
54
19
-19
-50
-70
-61
-49
-49
-56
-56
-59
-50
-23
15
51
76
85
69
42
19
6
-2
-12
-27
-53
-78
-101
-102
-83
-48
-9
21
35
40
35
29
26
34
38
26
10
-24
-67
-98
-99
-77
-44
-14
12
24
20
22
27
39
52
59
40
11
-30
-72
-95
-91
-73
-45
-25
-12
-1
8
25
46
63
70
63
42
1
-38
-64
-85
-86
-77
-62
-56
-50
-44
-24
11
43
61
70
66
46
23
4
-12
-30
-41
-46
-51
-61
-71
-68
-51
-27
5
32
48
41
31
29
26
21
16
11
-2
-23
-46
-65
-67
-56
-30
-15
-4
-6
-9
-13
-14
-6
9
12
12
5
-1
-15
-23
-19
-8
0
3
0
-11
-29
-40
-51
-41
-24
-8
6
11
9
9
6
4
10
21
24
25
10
-16
-38
-50
-51
-44
-34
-25
-19
-18
0
2
1
0
5
15
18
17
9
-15
-37
-53
-53
-47
-33
-20
-2
2
0
-4
-5
6
15
29
40
37
8
-24
-50
-63
-68
-57
-26
0
16
14
4
-4
-5
9
28
42
43
23
-15
-58
-76
-74
-64
-46
-17
7
13
1
-14
-18
-3
19
45
54
41
7
-38
-64
-71
-63
-44
-22
-7
1
-5
-17
-28
-21
12
48
68
64
39
0
-36
-57
-55
-43
-32
-19
-18
-23
-39
-54
-47
-24
14
51
66
52
23
-8
-28
-27
-16
0
8
2
-21
-51
-79
-91
-80
-46
-5
23
33
22
3
-2
3
23
45
65
62
36
-6
-53
-81
-92
-74
-40
-16
-7
-18
-34
-46
-34
-3
42
76
98
86
46
-1
-44
-61
-56
-35
-10
-9
-29
-66
-99
-105
-77
-28
31
66
74
55
24
-2
-16
-10
19
45
52
27
-31
-90
-116
-104
-61
-7
28
34
13
-20
-49
-57
-32
19
63
91
80
32
-22
-61
-59
-31
4
29
21
-8
-55
-99
-115
-90
-42
6
47
59
39
4
-23
-22
6
43
66
58
19
-28
-70
-87
-77
-48
-17
-1
-2
-18
-34
-45
-39
-3
31
62
69
49
21
-2
-17
-13
-3
-3
-12
-31
-55
-67
-69
-58
-37
-17
3
11
10
1
-1
8
21
35
39
27
3
-24
-33
-36
-31
-28
-34
-40
-48
-54
-49
-34
-7
18
35
39
34
26
14
14
20
23
11
-11
-39
-65
-83
-78
-53
-23
4
12
8
4
1
2
18
31
40
35
7
-19
-43
-63
-70
-54
-31
-13
-10
-18
-24
-20
-13
13
40
47
46
32
6
-19
-38
-49
-41
-29
-17
-24
-32
-36
-34
-19
5
31
49
50
33
10
-12
-29
-36
-25
-20
-10
-17
-32
-40
-45
-40
-20
3
20
21
7
-8
-18
-14
1
12
10
2
-9
-25
-41
-49
-46
-34
-14
1
6
0
-8
-9
0
24
31
32
26
5
-22
-44
-49
-37
-24
-20
-19
-26
-28
-30
-24
-4
19
41
46
37
17
-9
-28
-34
-23
-13
-19
-34
-56
-72
-76
-64
-33
4
43
64
60
40
29
18
14
19
21
3
-29
-67
-103
-119
-109
-69
-28
18
45
55
53
44
37
42
52
57
40
3
-46
-92
-119
-119
-93
-61
-27
-7
1
-2
6
22
51
74
84
78
45
0
-54
-88
-98
-87
-68
-52
-42
-35
-33
-18
10
40
69
92
85
57
16
-28
-55
-68
-66
-49
-46
-46
-43
-42
-24
7
38
60
69
60
36
10
-20
-41
-58
-59
-61
-62
-65
-59
-47
-30
-4
28
51
67
65
47
25
13
2
-15
-28
-39
-59
-77
-86
-83
-67
-36
-1
33
54
64
62
54
42
36
28
9
-16
-49
-74
-82
-84
-77
-55
-40
-21
-5
9
15
26
32
41
46
42
27
0
-31
-44
-44
-43
-41
-36
-40
-48
-52
-47
-30
-7
19
36
44
46
35
17
2
-1
11
15
8
-12
-38
-53
-59
-57
-46
-30
-18
-11
-10
-4
-3
-4
9
28
47
49
36
14
-17
-39
-40
-34
-33
-40
-55
-66
-65
-59
-43
-19
14
45
63
60
51
33
13
-2
-4
-4
-20
-42
-62
-72
-72
-59
-41
-18
2
21
37
38
31
27
23
19
16
6
-11
-32
-51
-59
-59
-52
-46
-40
-22
-11
3
18
27
32
29
19
12
-6
-19
-33
-37
-42
-50
-53
-43
-29
-8
20
40
44
43
36
14
-1
-9
-12
-24
-41
-45
-57
-67
-59
-47
-19
14
46
55
49
31
16
12
14
14
10
-5
-34
-75
-105
-111
-101
-66
-37
-10
12
26
28
33
50
72
92
99
74
21
-37
-82
-110
-112
-94
-77
-63
-54
-55
-49
-27
14
61
109
135
120
82
35
-4
-26
-26
-25
-36
-63
-104
-139
-149
-134
-89
-32
26
65
83
77
64
62
76
90
88
62
12
-50
-111
-149
-154
-123
-88
-55
-33
-28
-28
-12
28
71
119
143
126
77
19
-20
-54
-66
-56
-48
-54
-77
-104
-114
-102
-59
-5
50
83
89
71
45
18
10
20
26
16
-9
-51
-93
-117
-107
-72
-27
11
36
41
18
0
-6
0
20
36
36
16
-20
-60
-76
-63
-32
5
30
31
21
6
-14
-17
-8
3
14
8
-18
-49
-72
-75
-56
-27
-2
17
17
10
18
25
32
37
37
28
14
-20
-58
-85
-99
-92
-75
-45
-22
-11
-7
14
41
65
83
86
69
39
17
-17
-46
-74
-85
-82
-71
-62
-59
-47
-26
-1
28
53
62
56
43
31
19
6
-8
-30
-44
-54
-61
-61
-63
-66
-57
-34
-4
18
36
43
38
33
32
27
12
-2
-11
-18
-27
-41
-57
-68
-58
-37
-12
10
12
10
10
3
10
16
18
26
28
21
5
-21
-51
-68
-56
-41
-32
-29
-29
-32
-40
-32
-7
26
58
66
62
43
6
-33
-57
-59
-48
-35
-23
-27
-44
-55
-46
-16
27
58
69
60
36
0
-32
-50
-48
-27
-4
4
-4
-23
-42
-47
-25
7
41
55
42
8
-24
-59
-71
-62
-43
-26
-13
-13
-26
-32
-27
-6
28
66
90
81
47
2
-37
-70
-81
-76
-64
-55
-57
-64
-63
-46
-11
34
88
121
128
104
62
25
-7
-39
-51
-57
-72
-88
-111
-121
-112
-85
-43
6
50
77
82
72
66
51
48
45
39
17
-16
-65
-105
-128
-122
-103
-73
-51
-33
-19
-9
4
37
62
91
103
99
74
40
4
-30
-43
-38
-44
-51
-67
-89
-107
-106
-79
-37
1
29
42
42
38
46
58
72
82
80
59
13
-45
-85
-108
-112
-101
-85
-82
-83
-87
-76
-44
2
63
114
137
138
111
73
39
11
-2
-10
-28
-61
-109
-160
-186
-175
-128
-66
-5
44
63
70
81
98
121
146
144
111
50
-24
-98
-161
-190
-176
-143
-114
-97
-90
-71
-31
25
96
151
181
185
148
90
32
-28
-67
-83
-92
-100
-112
-135
-147
-144
-107
-41
32
87
112
120
115
100
78
57
38
16
-6
-34
-80
-122
-142
-139
-112
-72
-34
-4
13
26
37
46
52
60
58
52
37
14
-11
-42
-63
-68
-63
-50
-44
-40
-36
-35
-25
-17
-3
15
30
45
57
52
34
12
0
-12
-9
-15
-25
-33
-40
-50
-58
-57
-43
-21
2
20
21
12
-2
-12
-12
1
15
18
15
-1
-19
-32
-41
-42
-31
-17
-5
-3
-16
-34
-45
-32
-12
15
34
31
17
-9
-27
-32
-22
-1
21
30
27
9
-18
-35
-35
-24
-6
0
-8
-30
-51
-59
-46
-23
6
33
45
34
18
4
-5
-8
-5
0
-4
-18
-43
-75
-81
-66
-40
-17
5
21
19
12
14
25
38
51
49
32
-1
-33
-52
-65
-68
-64
-52
-39
-34
-24
-16
6
32
52
64
56
35
16
-8
-29
-40
-47
-54
-69
-79
-81
-64
-32
5
39
60
64
57
37
17
2
-8
-4
-10
-25
-53
-84
-99
-86
-53
-9
25
41
43
35
23
29
32
36
44
41
14
-29
-79
-114
-123
-95
-52
-18
4
3
-6
-4
8
38
70
83
76
60
13
-50
-91
-106
-88
-56
-25
-27
-48
-69
-63
-38
8
61
93
101
85
58
21
-9
-21
-19
-15
-15
-37
-70
-107
-124
-107
-60
4
50
66
59
43
26
19
27
37
42
33
3
-44
-91
-117
-119
-84
-42
-4
5
-2
-17
-20
-2
32
54
71
77
50
15
-20
-45
-50
-41
-23
-16
-23
-53
-76
-83
-63
-23
20
46
49
35
20
15
20
23
31
34
25
5
-31
-68
-87
-78
-61
-43
-34
-33
-33
-34
-22
-4
26
52
64
66
58
30
7
-12
-24
-34
-50
-68
-84
-93
-89
-69
-36
4
40
53
64
66
67
61
52
34
7
-26
-54
-78
-91
-90
-81
-67
-48
-36
-12
11
32
55
72
77
65
38
5
-26
-45
-61
-64
-69
-69
-74
-71
-61
-33
12
53
80
90
79
52
25
-5
-21
-32
-46
-60
-82
-99
-107
-89
-52
6
60
94
104
91
65
36
17
8
0
-12
-41
-85
-128
-148
-143
-111
-58
-3
43
73
78
67
62
70
80
89
73
24
-35
-98
-133
-149
-140
-118
-85
-49
-26
-5
16
46
82
114
135
135
106
58
-1
-54
-81
-90
-97
-101
-100
-100
-89
-63
-39
-16
9
40
71
89
81
63
50
34
20
5
-24
-53
-69
-75
-73
-70
-79
-83
-78
-53
-16
21
52
61
61
50
42
30
27
34
32
26
7
-24
-65
-95
-103
-84
-48
-18
-4
-14
-34
-44
-32
4
53
92
104
87
55
8
-47
-72
-57
-29
-10
-18
-50
-94
-125
-114
-68
0
58
85
80
48
7
-23
-19
5
41
65
58
13
-49
-98
-112
-87
-36
4
23
12
-21
-56
-66
-47
2
58
92
97
58
6
-46
-67
-51
-16
11
23
4
-34
-72
-97
-91
-55
-7
25
35
24
-6
-27
-28
-9
24
62
78
64
35
-6
-45
-66
-65
-53
-35
-23
-30
-43
-59
-58
-42
-13
23
50
76
73
52
32
13
-4
-12
-13
-9
-14
-32
-62
-96
-112
-115
-85
-50
-12
26
55
64
55
51
49
55
67
64
47
6
-53
-111
-150
-150
-122
-82
-39
-1
16
13
17
26
55
87
116
124
103
46
-24
-87
-117
-113
-90
-64
-46
-47
-63
-74
-58
-21
37
92
131
133
97
30
-30
-67
-74
-61
-43
-41
-53
-80
-99
-90
-48
6
69
107
117
91
40
-14
-51
-53
-39
-23
-15
-30
-59
-80
-76
-50
-2
49
78
83
62
23
-18
-37
-39
-30
-16
-6
-29
-63
-88
-88
-57
-19
30
64
70
52
29
4
-12
-10
-3
-8
-21
-45
-71
-87
-85
-56
-8
39
58
58
48
32
16
9
4
-2
-13
-35
-60
-82
-84
-65
-27
16
52
61
52
26
9
1
2
-3
-15
-30
-44
-72
-90
-85
-65
-36
-2
30
43
39
31
23
21
36
44
35
14
-22
-64
-91
-98
-91
-68
-41
-14
1
4
12
21
37
63
83
89
67
29
-21
-58
-82
-81
-67
-50
-40
-37
-43
-47
-40
-20
4
36
59
56
34
10
-7
-20
-14
-1
5
5
-9
-30
-55
-73
-77
-65
-38
-2
19
24
15
8
6
11
25
38
36
27
11
-17
-45
-55
-53
-32
-11
8
5
-14
-31
-44
-42
-25
-3
14
20
12
-4
-19
-24
-20
-7
15
29
26
6
-18
-40
-48
-37
-16
0
7
-3
-30
-55
-58
-48
-28
-6
16
35
33
22
11
9
22
37
43
37
4
-38
-79
-105
-107
-85
-52
-15
8
12
5
-6
-4
23
54
76
72
46
9
-32
-58
-69
-59
-41
-25
-25
-37
-54
-66
-61
-32
11
53
75
73
49
18
-5
-18
-15
3
7
-6
-34
-63
-88
-91
-62
-17
29
56
56
29
-4
-28
-25
-7
17
35
22
-9
-45
-75
-86
-65
-25
10
33
25
2
-29
-45
-31
5
48
69
65
26
-25
-70
-88
-76
-47
-17
-7
-8
-24
-42
-42
-19
36
85
108
100
50
-5
-45
-65
-57
-32
-18
-17
-33
-69
-99
-103
-60
-8
45
74
71
44
8
-12
-6
23
54
61
40
-13
-68
-110
-126
-112
-81
-33
-4
3
-14
-30
-24
13
67
113
133
106
52
-12
-60
-78
-69
-50
-38
-39
-56
-84
-104
-93
-54
5
65
95
90
63
27
7
13
26
38
26
-11
-61
-102
-126
-128
-99
-55
-4
35
42
29
23
16
26
44
52
38
7
-26
-53
-64
-54
-37
-11
15
32
23
8
-11
-26
-25
-22
-17
-25
-36
-48
-53
-46
-20
9
32
48
59
51
38
20
2
-11
-29
-50
-63
-76
-87
-92
-82
-61
-34
-9
23
47
68
81
94
91
70
43
10
-30
-61
-78
-94
-108
-103
-87
-68
-45
-15
25
62
90
93
80
55
28
4
-12
-23
-28
-47
-73
-89
-92
-84
-59
-27
2
25
24
12
-3
-3
11
33
50
50
30
2
-27
-50
-59
-46
-27
-18
-16
-29
-48
-56
-43
-10
32
60
65
48
16
-16
-30
-24
-2
11
14
-8
-41
-67
-77
-62
-36
-3
18
18
2
-12
-22
-6
19
43
57
46
12
-34
-66
-76
-69
-45
-22
-6
-8
-21
-37
-30
-7
36
67
72
50
11
-27
-48
-49
-36
-10
7
0
-16
-31
-38
-38
-21
7
29
28
9
-21
-43
-44
-23
0
24
21
0
-27
-45
-46
-37
-14
10
14
9
-3
-23
-28
-24
-12
5
11
12
-8
-33
-43
-35
-14
19
34
38
24
3
-15
-23
-27
-22
-22
-22
-29
-32
-31
-31
-14
4
19
23
25
16
-3
-13
-19
-15
-19
-25
-40
-38
-27
-13
-5
2
3
-2
-4
-7
-11
-5
1
-1
-10
-18
-28
-35
-35
-24
-2
13
16
11
-7
-14
-7
8
23
28
22
2
-29
-59
-77
-76
-55
-33
-8
11
15
9
8
21
33
46
50
38
9
-28
-63
-81
-84
-73
-49
-35
-28
-20
-11
-3
5
32
55
64
59
29
0
-16
-31
-35
-30
-29
-34
-35
-38
-43
-39
-29
-9
17
38
35
23
9
-4
-10
-13
-13
-16
-20
-29
-38
-36
-29
-15
-7
-4
6
5
-4
-17
-25
-30
-27
-28
-26
-17
-3
9
14
18
28
34
32
27
11
-9
-28
-42
-53
-63
-67
-58
-44
-24
2
19
28
28
29
32
34
29
25
16
0
-19
-44
-65
-76
-74
-66
-50
-36
-33
-26
-16
10
38
59
73
69
59
34
-3
-34
-52
-65
-73
-58
-51
-50
-46
-37
-17
1
31
46
54
49
34
17
-6
-22
-28
-26
-25
-28
-30
-32
-37
-39
-34
-14
4
15
14
6
-8
-12
-13
-12
-7
-1
-1
-2
-16
-24
-32
-33
-23
-2
24
35
26
7
-18
-36
-47
-35
-18
-11
-9
-19
-32
-31
-23
4
35
56
57
44
9
-31
-59
-62
-53
-26
-11
-11
-27
-50
-60
-49
-16
24
54
61
39
10
-26
-47
-40
-9
30
47
30
-11
-64
-96
-89
-58
-6
32
40
23
-4
-23
-27
-1
32
69
76
41
-14
-72
-107
-97
-56
-7
24
19
-5
-32
-51
-46
-15
25
52
60
40
-5
-48
-70
-55
-17
19
31
13
-32
-77
-84
-62
-22
25
57
67
50
18
-16
-28
-23
0
13
1
-30
-67
-87
-83
-49
-3
38
55
57
50
30
11
0
-3
-9
-19
-37
-59
-76
-79
-68
-37
-4
11
15
23
27
30
39
48
40
20
-4
-31
-52
-68
-70
-66
-62
-63
-67
-57
-35
10
63
108
125
106
79
39
1
-21
-37
-61
-88
-112
-137
-152
-145
-90
-14
67
122
145
125
91
61
54
46
39
19
-30
-102
-169
-203
-202
-158
-85
-12
38
55
56
56
76
111
156
181
157
79
-21
-120
-181
-204
-192
-159
-118
-89
-81
-67
-20
49
132
217
258
236
158
63
-29
-94
-119
-127
-138
-147
-164
-180
-176
-140
-64
38
130
182
180
147
105
73
66
63
49
9
-59
-136
-205
-231
-212
-155
-84
-23
25
43
47
65
105
158
198
199
147
54
-38
-121
-161
-154
-134
-100
-89
-95
-102
-100
-68
0
74
139
157
124
61
8
-11
10
32
41
22
-29
-101
-152
-177
-151
-90
-22
33
48
25
-6
-16
13
65
120
136
102
28
-52
-108
-111
-85
-35
9
30
8
-36
-79
-92
-64
-6
48
67
42
-15
-60
-68
-35
28
83
111
97
42
-23
-77
-93
-77
-40
-8
-12
-48
-93
-123
-114
-59
15
82
103
87
49
21
17
37
64
82
70
29
-37
-113
-161
-172
-141
-94
-58
-43
-37
-33
-4
53
116
176
198
173
109
33
-38
-82
-101
-103
-104
-121
-156
-180
-174
-128
-49
37
109
143
143
125
100
88
89
87
75
35
-33
-122
-193
-225
-219
-172
-107
-48
-16
7
32
68
122
181
218
215
166
82
-20
-114
-165
-173
-153
-130
-122
-131
-138
-122
-72
9
96
161
188
166
118
63
16
-7
-11
-9
-25
-59
-111
-169
-204
-181
-115
-24
56
92
93
81
66
57
65
76
82
61
10
-54
-116
-155
-152
-100
-29
27
50
32
-4
-29
-28
-6
24
40
40
21
-21
-58
-72
-60
-20
34
71
70
33
-13
-60
-76
-59
-27
-2
-2
-25
-51
-67
-64
-39
-3
45
82
88
62
25
-9
-23
-3
20
23
1
-46
-95
-126
-134
-102
-54
4
54
81
81
60
36
21
19
36
30
6
-44
-102
-139
-145
-109
-53
7
58
74
71
51
33
22
19
17
15
-5
-39
-82
-117
-127
-98
-45
12
60
79
68
49
36
32
40
51
50
21
-26
-82
-132
-163
-149
-113
-60
-12
14
32
44
59
84
109
126
128
98
40
-40
-116
-169
-185
-168
-126
-79
-44
-27
-15
5
34
70
112
143
147
115
60
0
-51
-79
-85
-82
-75
-62
-71
-82
-93
-97
-72
-32
30
84
110
103
82
51
31
19
14
9
-4
-28
-52
-83
-118
-138
-118
-75
-19
32
52
42
14
-9
-10
11
46
75
94
89
42
-18
-72
-105
-99
-61
-15
3
-10
-56
-99
-108
-72
-2
73
125
132
100
39
-27
-75
-82
-44
12
44
31
-26
-98
-140
-126
-68
11
77
99
67
3
-61
-88
-74
-19
57
108
104
43
-40
-105
-120
-78
-1
55
72
38
-32
-87
-108
-81
-23
43
89
89
46
-18
-72
-86
-53
9
70
95
63
-2
-66
-101
-96
-61
-15
11
12
-8
-39
-61
-53
-13
35
86
109
91
33
-32
-71
-85
-67
-40
-28
-32
-34
-49
-53
-40
-10
28
60
70
73
50
14
-14
-25
-27
-23
-27
-32
-41
-54
-64
-62
-49
-29
-10
8
29
43
52
44
32
17
9
-6
-21
-32
-45
-60
-63
-65
-62
-49
-22
9
33
51
55
48
28
8
-9
-12
-8
-13
-19
-32
-46
-48
-42
-33
-16
-2
8
3
-5
-15
-23
-10
8
21
29
24
8
-10
-35
-45
-34
-21
-18
-25
-34
-38
-35
-29
-13
10
28
28
23
15
2
-8
-14
-14
-4
-6
-13
-22
-30
-32
-28
-23
-19
-17
-15
-11
-4
12
27
38
39
36
24
7
-15
-40
-59
-70
-78
-75
-70
-59
-35
-2
33
62
76
78
66
47
22
-3
-27
-52
-76
-97
-107
-103
-84
-47
-9
23
48
63
64
63
56
50
48
25
-3
-35
-71
-96
-103
-86
-60
-36
-17
-9
2
19
34
58
71
77
55
7
-35
-73
-96
-90
-72
-43
-23
-13
-11
-3
13
35
59
76
75
43
-17
-77
-120
-121
-100
-52
-12
14
27
21
19
25
49
74
86
72
30
-29
-92
-123
-116
-76
-37
-5
11
1
-22
-33
-18
16
53
77
75
48
3
-42
-71
-67
-44
-17
-4
-14
-47
-72
-80
-61
-17
30
61
70
54
18
-14
-39
-40
-25
-3
6
-1
-17
-32
-36
-25
-5
21
34
28
-1
-29
-46
-51
-42
-23
5
19
23
18
0
-17
-27
-17
-11
-8
-10
-22
-32
-33
-27
-22
-2
18
29
32
20
-1
-29
-45
-51
-46
-34
-25
-16
-3
3
7
9
10
10
17
21
19
9
-11
-20
-21
-22
-15
-4
-9
-22
-34
-48
-58
-58
-54
-33
2
31
52
53
43
32
18
13
9
1
-20
-41
-69
-89
-95
-80
-53
-18
8
27
31
24
14
9
8
24
42
50
48
31
5
-29
-52
-64
-64
-57
-52
-57
-64
-66
-57
-28
12
55
92
110
99
70
27
-19
-51
-72
-68
-63
-54
-54
-63
-62
-53
-31
-9
20
46
57
45
27
5
-18
-17
3
24
37
25
-11
-56
-86
-95
-89
-58
-13
24
46
48
37
17
9
15
26
25
9
-28
-65
-102
-111
-91
-39
16
60
80
78
42
-1
-32
-45
-32
-15
-14
-31
-61
-80
-84
-56
-13
41
71
76
54
16
-17
-31
-18
15
46
56
33
-14
-74
-113
-115
-88
-55
-21
-2
6
6
5
21
56
97
117
102
56
-14
-90
-137
-149
-125
-81
-33
-3
7
6
2
8
35
50
58
54
24
-11
-52
-68
-58
-32
3
25
25
2
-29
-56
-63
-50
-28
-5
19
25
23
16
5
2
11
22
13
-11
-43
-76
-82
-66
-36
5
39
57
57
36
2
-30
-49
-54
-52
-44
-36
-24
-20
-5
14
43
56
57
42
16
-18
-52
-71
-73
-58
-40
-13
8
14
9
5
0
-6
-7
-9
-12
-15
-17
-13
-3
10
20
32
38
21
-3
-34
-66
-86
-85
-71
-44
-12
13
35
47
48
36
16
0
-21
-33
-41
-48
-49
-39
-16
12
33
48
43
21
-15
-50
-73
-88
-78
-49
-19
11
33
42
48
51
49
47
31
2
-34
-72
-92
-90
-71
-44
-14
14
25
19
6
-12
-24
-20
-2
10
20
21
22
18
19
24
14
-3
-26
-64
-102
-123
-119
-89
-40
22
71
99
108
92
62
34
9
-20
-50
-73
-93
-100
-89
-61
-21
13
37
43
37
17
-12
-34
-44
-38
-18
1
12
21
26
24
17
15
-5
-27
-55
-75
-88
-79
-62
-29
14
51
73
76
59
35
11
-9
-29
-48
-51
-51
-39
-20
3
25
31
24
6
-18
-43
-62
-70
-65
-51
-20
17
43
48
49
46
33
6
-24
-58
-81
-88
-82
-61
-30
12
48
70
75
61
32
-8
-41
-60
-74
-74
-68
-52
-23
12
41
59
71
60
27
-3
-29
-48
-68
-73
-67
-48
-21
6
21
24
22
14
0
-16
-28
-37
-33
-10
20
42
49
35
13
-13
-37
-61
-80
-99
-107
-88
-53
-9
45
89
126
145
137
100
40
-35
-100
-138
-144
-137
-123
-103
-76
-33
20
63
91
104
91
69
36
-2
-32
-36
-22
-8
6
6
-15
-58
-91
-105
-105
-86
-62
-39
-13
22
59
92
119
135
133
101
40
-35
-109
-159
-174
-151
-106
-52
-8
19
32
47
62
67
65
46
16
-20
-50
-67
-57
-29
8
39
51
31
-8
-51
-82
-93
-79
-58
-34
-15
2
18
45
64
76
76
53
17
-36
-89
-113
-114
-81
-28
23
46
42
25
4
-12
-23
-21
-23
-31
-42
-45
-38
-17
21
65
98
100
67
17
-48
-94
-114
-108
-79
-50
-25
-5
7
21
40
60
73
66
38
-10
-60
-93
-96
-66
-10
28
44
36
4
-41
-75
-83
-69
-47
-16
10
22
21
22
40
63
82
88
58
-4
-80
-135
-153
-136
-89
-27
25
56
57
38
14
0
10
29
46
43
4
-39
-69
-75
-54
-17
25
39
19
-23
-79
-116
-120
-84
-22
46
95
104
77
44
15
3
10
10
1
-31
-74
-111
-126
-105
-53
17
69
95
78
34
-23
-62
-59
-17
32
58
53
21
-29
-59
-62
-54
-32
-8
-3
-23
-55
-80
-73
-36
22
82
115
94
50
-8
-68
-93
-86
-54
-22
-10
-17
-32
-42
-35
2
46
80
89
67
10
-45
-78
-73
-32
13
46
47
11
-39
-84
-96
-84
-41
2
33
48
40
25
9
11
29
45
35
-7
-72
-142
-177
-158
-98
-11
62
108
120
94
51
15
-5
2
11
8
-17
-47
-88
-105
-80
-28
23
46
45
14
-33
-72
-82
-53
2
65
109
108
75
27
-32
-67
-73
-67
-65
-84
-107
-118
-106
-52
18
98
156
168
140
70
-18
-96
-135
-116
-70
-24
3
0
-9
-6
-5
9
24
20
-5
-53
-90
-99
-73
-17
66
143
186
166
95
-7
-100
-157
-171
-152
-117
-85
-57
-27
8
55
112
157
174
145
72
-25
-121
-178
-180
-129
-52
22
62
55
18
-26
-61
-72
-71
-63
-52
-42
-30
-6
44
111
180
215
197
110
-19
-159
-262
-293
-258
-169
-65
32
112
160
166
159
145
124
84
14
-69
-150
-207
-209
-150
-51
53
120
137
88
2
-83
-139
-163
-143
-92
-27
38
82
121
138
159
166
142
65
-54
-187
-293
-343
-302
-187
-39
112
220
272
266
208
128
45
-24
-83
-131
-166
-187
-180
-123
-32
77
154
168
110
-1
-127
-220
-258
-220
-116
11
128
209
237
216
167
103
30
-55
-155
-256
-327
-347
-283
-144
38
214
346
402
368
258
106
-43
-160
-219
-232
-217
-172
-116
-45
32
102
142
136
72
-34
-153
-243
-266
-213
-99
53
203
303
340
315
235
112
-30
-175
-303
-392
-433
-399
-293
-103
106
283
387
403
325
189
46
-79
-176
-226
-243
-226
-180
-103
1
115
209
238
187
65
-88
-238
-307
-270
-131
60
237
337
339
255
125
-12
-144
-257
-341
-407
-438
-413
-318
-139
113
375
583
658
568
356
80
-166
-320
-361
-317
-224
-123
-40
37
110
180
234
253
215
96
-87
-272
-403
-428
-332
-143
63
202
247
201
84
-48
-155
-224
-254
-245
-200
-117
-2
132
293
443
533
521
382
140
-155
-412
-555
-572
-469
-281
-65
137
268
333
334
268
153
-2
-172
-335
-450
-493
-436
-279
-74
147
344
487
549
521
401
212
4
-186
-310
-355
-319
-230
-131
-45
-2
-12
-64
-120
-132
-103
-48
12
73
151
268
437
626
763
778
613
237
-280
-817
-1230
-1379
-1184
-700
-120
358
647
717
673
675
765
837
755
442
-129
-818
-1342
-1499
-1258
-639
164
754
829
431
-255
-954
-1250
-999
-731
-1178
-2340
-3552
-4179
-3777
-1743
1801
4975
5476
3005
74
61
5390
15518
24990
25932
13655
-7015
-24949
-31790
-27402
-18275
-9870
-3503
1814
6541
9816
10740
9498
6838
3463
60
-2609
-3907
-3611
-2189
-378
1177
2055
2184
1700
937
274
-43
-2
202
352
290
4
-404
-778
-957
-897
-667
-401
-179
5
215
468
745
966
1044
915
581
96
-431
-897
-1211
-1296
-1153
-831
-430
-48
252
443
525
509
414
270
116
-20
-109
-126
-88
-21
58
113
132
90
-13
-156
-299
-403
-455
-436
-332
-160
55
268
440
524
490
354
166
-23
-167
-232
-230
-177
-94
5
121
246
365
441
431
318
92
-205
-501
-705
-775
-700
-505
-256
-6
203
334
405
410
360
264
133
-24
-174
-285
-318
-248
-76
151
340
435
391
236
37
-142
-264
-290
-240
-148
-55
13
61
93
125
154
146
65
-86
-291
-481
-589
-564
-390
-118
167
408
545
570
492
346
177
15
-121
-230
-318
-379
-377
-298
-148
47
229
340
342
247
86
-78
-203
-255
-237
-160
-57
43
121
165
167
137
72
-16
-137
-247
-319
-332
-254
-96
96
269
387
421
366
249
95
-61
-202
-308
-369
-387
-344
-242
-101
65
226
324
339
270
139
-11
-139
-198
-184
-118
-38
37
89
124
130
116
74
0
-93
-200
-290
-346
-322
-225
-60
133
297
380
368
276
132
-17
-147
-228
-268
-278
-258
-205
-121
-21
91
202
275
288
233
118
-27
-150
-207
-192
-112
-3
87
134
131
94
38
-22
-80
-134
-183
-209
-212
-180
-112
-1
132
254
326
315
215
62
-102
-224
-287
-285
-231
-157
-76
-4
65
117
153
176
174
136
64
-28
-113
-163
-151
-81
28
111
142
125
56
-28
-114
-177
-191
-175
-138
-92
-45
0
62
133
199
239
227
160
34
-116
-241
-298
-286
-209
-103
-5
72
110
116
107
90
66
53
30
-9
-59
-95
-98
-56
10
86
121
110
53
-34
-125
-176
-188
-150
-74
7
63
96
107
103
98
93
82
47
-22
-104
-180
-219
-206
-147
-55
37
108
137
121
73
15
-24
-41
-35
-14
-10
-23
-30
-27
2
28
62
67
32
-29
-103
-159
-176
-148
-75
17
101
152
148
110
60
19
-7
-16
-30
-61
-90
-117
-133
-112
-51
14
80
114
106
60
0
-51
-70
-47
-2
35
42
26
-14
-56
-75
-71
-52
-33
-28
-34
-51
-63
-56
-23
46
110
154
149
98
16
-63
-117
-130
-102
-69
-43
-27
-21
-21
-7
21
54
80
92
72
13
-55
-101
-110
-69
-10
37
49
28
-12
-58
-83
-78
-45
4
36
48
38
9
-15
-27
-11
18
33
16
-35
-84
-118
-119
-78
-10
59
96
104
77
33
-4
-26
-22
-2
14
8
-22
-65
-94
-92
-62
-15
30
46
31
-6
-50
-71
-65
-24
33
76
94
80
33
-21
-68
-80
-67
-49
-44
-46
-62
-66
-51
-14
37
93
120
106
62
7
-53
-88
-79
-43
0
24
24
1
-38
-65
-66
-51
-29
6
15
3
-11
-19
-6
25
62
85
78
45
-20
-87
-128
-138
-113
-77
-38
-10
11
19
21
34
53
68
68
51
17
-25
-63
-81
-69
-27
17
44
45
18
-15
-54
-76
-74
-58
-33
-9
10
29
36
44
52
63
57
24
-20
-76
-118
-134
-113
-76
-24
24
51
55
47
25
10
-2
-9
-15
-25
-36
-46
-48
-25
10
48
65
62
36
-7
-56
-97
-106
-94
-71
-34
2
33
52
54
56
66
68
51
9
-40
-75
-85
-78
-49
-18
6
12
5
-21
-52
-71
-75
-58
-25
2
23
30
39
63
94
109
97
60
2
-63
-120
-153
-163
-153
-107
-46
9
50
74
85
92
97
88
60
16
-33
-72
-92
-87
-61
-43
-24
-14
-14
-30
-45
-53
-53
-36
0
42
72
84
79
65
47
33
10
-39
-89
-128
-152
-144
-125
-51
-51
-59
-69
-72
-52
-11
44
86
102
78
44
16
3
0
1
2
-7
-35
-73
-102
-110
-96
-62
-15
30
51
49
41
30
22
34
49
47
29
-4
-46
-83
-100
-93
-76
-52
-28
-6
2
-1
5
16
33
52
56
46
24
-9
-37
-56
-56
-55
-53
-44
-41
-36
-27
-16
8
37
55
61
62
42
15
-4
-22
-34
-48
-62
-69
-69
-66
-53
-26
6
29
45
48
39
29
16
12
10
6
-14
-43
-68
-81
-81
-64
-35
-12
8
16
9
7
10
21
36
46
40
21
2
-30
-52
-54
-47
-36
-24
-23
-24
-31
-30
-16
1
24
43
42
24
4
-17
-27
-31
-23
-8
-6
-14
-24
-36
-43
-40
-23
-4
5
3
-7
-19
-34
-36
-20
7
24
28
20
7
-1
-11
-5
-1
2
-1
-11
-18
-32
-47
-47
-35
-20
-2
1
-5
-7
-6
-1
7
19
28
32
29
14
-3
-20
-35
-43
-44
-43
-41
-45
-49
-47
-43
-32
-14
5
30
41
42
42
39
27
16
6
3
-4
-13
-32
-50
-67
-81
-86
-81
-64
-31
-2
20
36
43
53
67
77
82
79
58
19
-33
-81
-117
-134
-127
-113
-94
-73
-53
-39
-17
22
71
121
152
156
124
70
17
-31
-66
-86
-99
-114
-130
-142
-145
-131
-96
-31
42
105
142
155
137
114
92
73
53
23
-18
-73
-125
-175
-192
-178
-138
-80
-27
17
41
53
66
86
111
128
127
89
41
-15
-74
-106
-119
-113
-96
-93
-88
-85
-76
-58
-21
24
75
108
119
105
80
51
35
23
9
-14
-43
-67
-96
-113
-118
-100
-70
-39
-8
7
18
19
25
40
66
75
78
64
32
-3
-25
-42
-50
-55
-62
-75
-93
-100
-97
-84
-49
-7
34
56
67
66
69
66
61
60
54
34
-2
-44
-84
-107
-111
-99
-75
-54
-35
-24
-20
-3
21
49
83
102
105
85
43
1
-36
-59
-71
-76
-79
-89
-99
-100
-88
-66
-19
33
72
94
93
72
42
19
-3
-17
-20
-26
-42
-67
-88
-91
-75
-41
1
31
55
55
41
15
-5
-11
-6
0
8
-4
-23
-51
-67
-64
-33
2
29
39
36
22
0
-22
-20
-18
-12
-5
-19
-32
-46
-63
-58
-41
-5
31
52
52
33
11
-3
-11
-12
-13
-18
-31
-50
-62
-69
-66
-42
-10
16
45
56
44
25
13
9
9
5
-4
-10
-25
-42
-49
-55
-52
-35
-21
-5
5
5
0
-6
0
18
24
26
22
9
-7
-21
-39
-51
-57
-60
-52
-38
-25
-15
-14
-3
14
28
47
53
50
37
23
6
-21
-41
-54
-65
-61
-54
-54
-52
-46
-32
-3
23
45
59
61
53
44
27
14
-6
-27
-43
-59
-77
-96
-97
-83
-58
-22
10
40
53
48
45
49
51
44
29
4
-25
-54
-73
-85
-77
-56
-27
-5
4
5
-1
1
12
27
43
41
23
-2
-30
-51
-58
-46
-24
-3
2
-6
-13
-18
-18
-11
6
23
29
16
-20
-53
-70
-70
-53
-24
2
9
6
4
3
9
34
56
66
54
20
-25
-74
-101
-100
-77
-52
-38
-33
-32
-36
-23
15
60
100
121
112
72
25
-17
-49
-57
-50
-53
-69
-98
-115
-123
-98
-59
-6
45
75
87
83
65
61
60
59
54
35
-13
-72
-122
-148
-149
-123
-77
-42
-14
5
11
28
56
86
109
119
104
63
15
-32
-72
-81
-78
-71
-71
-83
-96
-94
-82
-50
2
53
87
95
80
58
36
21
18
7
-3
-32
-68
-101
-120
-120
-93
-52
-18
10
31
36
37
44
50
61
64
54
28
-4
-43
-62
-79
-74
-55
-43
-30
-25
-24
-16
0
20
32
43
43
37
20
-3
-29
-41
-46
-45
-40
-41
-43
-37
-25
-12
4
21
30
27
26
22
8
-10
-26
-41
-46
-45
-43
-32
-31
-17
0
16
28
27
29
25
25
24
9
-15
-39
-55
-60
-61
-52
-37
-20
-17
-13
-4
0
11
26
38
50
47
29
4
-20
-46
-54
-52
-47
-51
-54
-51
-41
-27
-9
13
34
52
66
63
37
8
-11
-20
-29
-23
-25
-38
-50
-59
-59
-45
-27
-5
18
23
18
9
5
9
10
16
20
20
6
-18
-43
-54
-56
-51
-41
-33
-32
-33
-31
-20
-6
9
26
36
49
45
26
9
-2
-10
-13
-19
-29
-43
-52
-57
-58
-51
-34
-18
-1
18
30
38
38
41
42
38
33
18
-9
-37
-62
-78
-78
-74
-65
-51
-38
-23
-7
12
37
58
68
64
47
22
-11
-34
-52
-64
-63
-59
-59
-59
-50
-32
-9
20
44
57
59
46
27
14
-6
-21
-32
-27
-30
-47
-66
-74
-59
-29
2
35
52
50
37
26
11
2
-8
-17
-27
-50
-72
-84
-90
-77
-44
3
42
66
74
62
43
26
15
12
3
-14
-41
-75
-100
-104
-96
-64
-19
23
47
52
46
41
40
43
45
43
24
-10
-54
-89
-114
-113
-88
-58
-29
-8
7
12
14
23
40
60
71
61
32
-5
-45
-68
-74
-70
-51
-43
-29
-21
-27
-20
1
26
41
55
55
40
14
-11
-28
-38
-36
-27
-21
-27
-40
-47
-36
-25
-8
19
26
24
12
5
-2
-16
-13
-7
-7
-10
-22
-37
-48
-48
-43
-24
-5
6
10
13
7
5
6
10
16
17
7
-8
-25
-40
-42
-32
-24
-13
-4
-11
-20
-24
-18
-2
14
25
24
20
2
-12
-19
-22
-19
-19
-16
-23
-34
-45
-50
-42
-16
10
28
31
29
19
0
-16
-14
-10
-7
-15
-29
-40
-56
-59
-50
-29
2
30
37
35
27
13
5
1
10
13
5
-10
-36
-62
-69
-63
-47
-23
5
16
14
9
6
14
20
29
30
23
10
-19
-42
-61
-66
-58
-53
-44
-34
-26
-22
-11
10
27
41
48
43
24
4
-10
-21
-28
-19
-20
-35
-46
-50
-46
-33
-18
-6
5
9
2
-4
-2
10
30
43
40
31
9
-22
-45
-58
-50
-32
-23
-25
-37
-58
-61
-44
-17
16
42
54
44
19
-7
-19
-15
4
28
34
13
-23
-63
-89
-86
-59
-19
12
22
10
-16
-31
-24
1
34
63
74
67
28
-20
-61
-71
-53
-24
-4
1
-16
-47
-71
-73
-55
-22
21
49
53
37
6
-18
-20
-3
25
47
40
16
-25
-73
-91
-87
-63
-37
-15
-4
-5
-24
-37
-28
4
44
81
89
75
43
2
-34
-46
-43
-32
-26
-31
-45
-69
-81
-76
-55
-20
25
55
61
49
29
10
2
6
18
16
10
-13
-43
-77
-94
-92
-66
-28
0
22
26
11
3
3
15
35
47
46
27
0
-28
-51
-58
-49
-36
-17
-6
-13
-36
-50
-49
-30
-6
25
47
57
42
21
-4
-21
-22
-16
-9
-12
-26
-49
-68
-76
-68
-36
-4
23
36
31
20
8
-3
-5
6
15
23
12
-11
-42
-66
-64
-50
-26
0
19
23
17
6
3
2
9
19
24
19
-2
-36
-64
-72
-60
-45
-21
3
9
10
6
5
5
8
13
17
14
-5
-29
-47
-59
-56
-42
-27
-7
7
16
22
14
4
2
5
2
1
0
-18
-27
-38
-43
-39
-34
-19
-2
7
9
13
10
6
2
8
7
8
3
-11
-26
-42
-53
-51
-40
-28
-16
-3
5
3
0
-2
1
7
19
19
12
-4
-24
-31
-32
-24
-13
-10
-6
-7
-18
-28
-32
-23
-11
0
10
16
11
1
-6
2
21
23
19
2
-16
-33
-47
-63
-65
-58
-43
-28
-24
-23
-9
8
30
51
57
52
38
15
-11
-27
-38
-47
-50
-55
-63
-69
-67
-45
-12
15
42
58
60
49
40
30
24
15
0
-24
-52
-73
-90
-90
-74
-46
-12
15
36
40
43
40
35
33
31
10
-19
-52
-78
-91
-92
-69
-43
-13
10
23
26
25
31
42
52
41
20
-15
-51
-74
-82
-74
-55
-33
-18
-10
-2
9
28
48
67
74
65
38
2
-40
-61
-69
-72
-67
-65
-66
-66
-55
-33
3
38
63
77
69
46
17
-1
-8
-11
-11
-17
-42
-71
-90
-88
-66
-32
3
24
23
11
-5
-6
3
23
48
58
47
19
-17
-39
-41
-21
-8
-6
-18
-49
-81
-91
-79
-49
-4
29
49
46
23
8
0
13
42
61
56
29
-23
-79
-112
-113
-88
-53
-33
-30
-40
-45
-38
-21
17
69
111
130
111
65
16
-19
-34
-29
-35
-48
-73
-104
-125
-125
-98
-55
-1
59
90
91
75
51
43
46
53
47
29
-7
-60
-107
-134
-133
-106
-75
-44
-17
-4
4
11
24
49
75
96
96
63
20
-23
-60
-79
-78
-69
-61
-51
-39
-37
-33
-22
-2
23
47
55
52
38
11
-10
-25
-28
-24
-18
-15
-19
-32
-40
-41
-33
-19
-1
9
12
5
-12
-26
-32
-26
-10
7
12
14
4
-13
-22
-24
-19
-1
11
7
-8
-23
-42
-39
-27
-10
12
24
26
13
-3
-17
-15
-9
-2
2
0
-15
-36
-52
-55
-37
-14
9
30
36
26
11
1
1
-1
-11
-22
-37
-59
-80
-88
-73
-48
-21
11
38
52
50
40
43
41
36
30
17
-8
-44
-72
-90
-94
-77
-56
-39
-15
1
10
22
38
53
64
65
53
28
-1
-27
-44
-52
-62
-62
-62
-65
-64
-46
-24
-7
9
16
25
29
21
16
13
12
12
5
-9
-18
-27
-28
-25
-19
-12
-8
-22
-33
-39
-42
-34
-15
0
12
14
11
5
6
14
21
27
24
15
0
-21
-40
-49
-40
-30
-26
-32
-42
-52
-56
-47
-23
5
30
40
44
29
20
18
24
35
38
24
-8
-47
-77
-97
-96
-78
-55
-37
-27
-15
-11
2
27
53
80
95
94
69
30
-10
-38
-52
-59
-62
-75
-95
-107
-108
-92
-54
-8
39
72
91
87
66
52
46
41
35
12
-28
-70
-106
-117
-116
-91
-65
-30
-5
4
13
27
42
57
73
82
70
42
2
-36
-62
-71
-63
-51
-53
-55
-55
-50
-40
-14
13
44
61
62
50
25
-1
-14
-21
-16
-21
-37
-58
-74
-77
-66
-43
-12
25
44
48
40
28
16
13
15
14
6
-12
-39
-68
-77
-69
-48
-20
-6
2
6
13
17
24
26
28
36
33
17
-14
-46
-64
-75
-66
-55
-50
-48
-49
-31
-8
19
45
59
65
61
47
27
0
-22
-40
-44
-54
-68
-80
-82
-79
-58
-31
6
34
53
62
60
56
56
51
42
19
-1
-26
-63
-86
-95
-95
-79
-61
-42
-28
-15
1
29
54
76
86
81
58
24
-4
-28
-51
-65
-73
-73
-79
-88
-86
-71
-44
-9
27
52
74
70
57
48
38
32
25
14
-14
-43
-72
-101
-106
-93
-68
-39
-18
2
12
27
37
50
67
78
73
49
15
-29
-61
-80
-80
-78
-75
-72
-67
-51
-27
-6
14
44
65
71
66
47
23
1
-19
-32
-38
-44
-56
-65
-68
-60
-40
-25
1
25
41
45
45
39
25
11
-7
-17
-24
-34
-46
-49
-48
-41
-36
-21
-3
14
31
37
30
18
3
-18
-32
-36
-40
-41
-41
-34
-33
-27
-12
3
24
34
38
38
17
-6
-21
-32
-39
-35
-28
-35
-37
-38
-37
-26
-5
21
39
55
55
38
15
-5
-16
-23
-24
-26
-41
-60
-76
-76
-61
-43
-7
28
49
47
36
23
14
17
16
14
1
-22
-53
-75
-79
-64
-37
-18
2
16
14
8
4
4
12
28
30
25
7
-20
-38
-43
-42
-30
-13
-3
-9
-15
-17
-21
-20
-7
9
12
2
-7
-19
-32
-31
-24
-8
-2
-7
-3
-4
-4
-2
-4
2
8
-2
-15
-29
-40
-43
-47
-44
-30
-19
-6
10
19
30
37
37
33
26
13
-2
-18
-31
-43
-50
-52
-55
-61
-57
-43
-21
1
28
46
50
46
36
24
21
16
6
-13
-42
-69
-91
-94
-81
-60
-37
-13
13
30
33
41
49
57
60
49
28
-7
-46
-72
-88
-83
-70
-55
-37
-14
-9
0
15
40
61
67
61
45
12
-23
-56
-70
-71
-62
-56
-52
-52
-44
-27
-4
30
58
69
72
53
24
-5
-30
-42
-49
-56
-58
-67
-74
-73
-50
-17
22
51
77
82
69
46
30
15
-3
-20
-42
-59
-81
-92
-95
-79
-47
-15
20
46
56
53
50
44
29
17
1
-22
-42
-66
-83
-86
-76
-58
-43
-18
3
22
40
53
64
64
52
26
-2
-34
-58
-64
-67
-62
-55
-43
-34
-24
-3
27
51
62
66
63
37
3
-31
-53
-55
-54
-49
-61
-64
-63
-50
-25
2
38
68
73
61
46
18
-6
-17
-22
-30
-48
-68
-91
-103
-94
-63
-24
13
40
57
63
56
53
51
44
39
22
-5
-44
-85
-110
-114
-102
-75
-47
-21
-2
16
40
61
72
87
89
74
43
7
-33
-72
-98
-108
-103
-100
-95
-84
-64
-34
5
52
90
114
115
102
75
47
17
-10
-39
-73
-97
-120
-140
-135
-113
-74
-17
31
63
86
98
101
99
94
80
53
9
-45
-90
-126
-144
-137
-120
-87
-67
-36
-6
24
47
71
100
112
103
77
38
-3
-41
-62
-76
-90
-94
-93
-93
-87
-67
-32
8
47
72
76
69
56
46
34
22
11
-6
-26
-50
-66
-73
-77
-66
-40
-18
-6
2
-5
-15
-12
6
27
36
34
23
8
-9
-12
-6
-3
-4
-7
-15
-31
-55
-68
-66
-46
-19
-6
-7
-11
-18
-18
3
31
52
60
51
30
13
-8
-25
-26
-25
-23
-35
-50
-70
-82
-75
-47
-10
22
36
32
20
17
23
26
36
41
31
9
-21
-58
-83
-85
-73
-46
-30
-30
-35
-41
-31
-6
36
66
72
69
49
23
-1
-14
-20
-11
-13
-28
-51
-80
-96
-84
-59
-21
19
39
37
22
16
26
40
48
53
43
11
-33
-77
-96
-96
-72
-45
-24
-19
-31
-40
-28
-3
39
77
89
73
35
-8
-39
-50
-41
-26
-20
-27
-52
-78
-93
-76
-37
21
66
87
78
40
5
-12
-4
15
31
26
-4
-59
-100
-123
-112
-68
-13
26
41
29
11
-11
-8
25
67
89
80
38
-16
-77
-110
-105
-78
-45
-27
-29
-48
-63
-58
-27
25
81
122
132
99
40
-12
-39
-45
-29
-21
-30
-64
-103
-127
-127
-90
-41
21
72
94
91
72
50
35
35
43
37
12
-37
-93
-134
-149
-130
-94
-56
-26
0
14
26
43
61
86
99
103
85
45
-6
-53
-86
-101
-106
-94
-83
-80
-66
-47
-22
18
53
74
87
87
76
53
25
9
-19
-42
-64
-75
-83
-92
-83
-62
-41
-20
-4
16
33
47
51
48
30
19
3
-17
-31
-42
-46
-42
-38
-29
-21
-16
-8
0
5
13
26
13
-3
-12
-23
-32
-30
-25
-17
-6
1
2
-4
-2
7
14
22
15
6
-11
-31
-45
-52
-52
-48
-38
-27
-17
-9
-3
1
4
16
29
33
30
22
5
-16
-25
-36
-40
-43
-39
-32
-27
-26
-29
-22
-5
15
28
39
44
35
17
1
-14
-23
-20
-23
-29
-34
-38
-49
-51
-46
-32
-10
11
23
26
9
-1
-4
-3
1
10
16
8
-6
-24
-49
-54
-47
-24
-2
12
15
-2
-19
-21
-13
-4
10
24
18
3
-19
-40
-45
-32
-13
12
20
14
-3
-19
-23
-16
-7
6
12
2
-17
-37
-54
-59
-43
-23
-3
10
11
-1
-9
-8
-3
15
30
31
16
-9
-32
-49
-53
-43
-33
-21
-13
-19
-28
-29
-19
4
33
47
51
40
19
0
-21
-25
-20
-15
-24
-35
-45
-58
-62
-48
-20
11
33
39
30
13
-1
2
9
14
13
-3
-26
-55
-68
-74
-58
-34
-11
6
12
6
-1
2
14
38
53
48
22
-10
-48
-70
-72
-59
-38
-23
-20
-18
-19
-14
-1
22
46
65
65
39
3
-33
-56
-57
-52
-43
-42
-44
-46
-44
-37
-14
16
43
54
53
39
19
-8
-22
-21
-15
-16
-24
-38
-55
-67
-56
-28
0
14
24
18
8
0
-4
4
9
15
16
9
-10
-28
-32
-26
-23
-13
-9
-17
-31
-45
-52
-43
-25
-14
1
14
18
17
16
17
26
34
34
16
-7
-35
-58
-70
-71
-56
-40
-30
-26
-23
-7
9
28
46
55
49
39
17
-5
-16
-20
-30
-36
-34
-45
-59
-57
-44
-25
-5
14
15
10
0
-11
-10
-4
10
18
14
8
1
-12
-21
-16
-8
-6
-12
-21
-38
-61
-76
-67
-46
-29
-11
-3
13
23
33
53
74
87
78
54
19
-18
-63
-94
-103
-105
-98
-87
-81
-67
-37
-3
47
90
122
129
119
87
45
3
-33
-60
-81
-102
-124
-145
-144
-125
-84
-31
26
68
100
110
108
100
81
64
45
15
-26
-75
-117
-148
-146
-123
-90
-48
-9
16
39
55
75
90
101
91
70
31
-20
-65
-90
-99
-96
-89
-71
-54
-42
-27
-5
20
43
66
72
66
46
17
-14
-32
-44
-48
-48
-47
-45
-46
-44
-31
-2
21
36
41
33
29
16
-5
-16
-25
-27
-26
-34
-42
-41
-29
-23
-10
7
21
27
24
14
4
-9
-19
-23
-33
-43
-48
-53
-53
-40
-26
-1
27
35
34
33
26
20
14
0
-3
-16
-34
-56
-70
-75
-63
-41
-17
6
22
34
33
31
32
34
33
28
16
-11
-45
-72
-81
-80
-66
-43
-17
-3
3
6
14
24
39
50
51
45
16
-20
-55
-80
-86
-69
-45
-28
-18
-15
-13
-3
5
27
52
66
58
32
-5
-38
-63
-60
-54
-39
-20
-16
-28
-33
-28
-10
15
47
64
61
35
7
-26
-54
-61
-50
-28
-21
-27
-43
-55
-53
-34
2
42
66
65
44
20
-10
-34
-40
-26
-11
-12
-19
-42
-62
-67
-51
-21
13
37
39
26
11
-8
-14
-1
22
35
28
7
-24
-54
-65
-59
-34
-12
1
-1
-15
-32
-41
-33
-12
20
40
46
32
9
-9
-22
-24
-10
-3
-3
-15
-42
-62
-67
-60
-33
-5
13
28
26
12
6
-2
2
17
31
25
7
-20
-43
-56
-59
-44
-23
-9
0
2
-10
-14
-12
-4
9
18
16
6
-11
-22
-31
-35
-23
-5
5
7
-1
-10
-18
-19
-22
-23
-18
-17
-21
-31
-35
-28
-13
6
18
33
38
35
30
18
6
-13
-30
-36
-44
-49
-45
-52
-53
-42
-24
-11
7
18
34
44
45
36
22
5
-15
-32
-42
-47
-45
-49
-51
-52
-41
-28
-13
4
22
37
41
36
21
7
-8
-17
-18
-18
-23
-34
-39
-40
-34
-24
-7
14
31
32
21
1
-19
-26
-24
-14
-6
-5
-11
-28
-36
-35
-19
0
19
29
23
7
-15
-33
-41
-36
-22
-6
1
-6
-28
-47
-44
-20
5
28
41
30
13
-12
-28
-35
-25
-11
3
2
-15
-36
-46
-45
-21
9
35
46
40
14
-19
-34
-35
-24
-11
-4
-6
-20
-30
-45
-41
-17
10
33
38
21
4
-16
-37
-40
-24
-10
-12
-25
-39
-49
-46
-35
-11
21
40
42
38
22
9
-7
-5
-2
0
-10
-34
-55
-73
-80
-60
-34
-7
9
26
33
29
27
28
39
41
30
14
-15
-50
-72
-81
-76
-61
-46
-25
-18
-13
-3
12
28
38
46
43
33
18
-1
-22
-33
-34
-36
-42
-46
-52
-49
-40
-20
3
22
28
26
27
25
17
9
1
-5
-12
-22
-35
-44
-45
-41
-26
-18
-6
-1
-2
-12
-16
-10
-3
1
3
0
-5
-12
-19
-18
-15
-3
8
7
-6
-15
-18
-17
-16
-10
-5
-10
-14
-18
-26
-21
-9
0
12
18
17
0
-13
-14
-14
-12
-12
-5
-4
-21
-36
-41
-41
-29
-12
10
19
18
11
-3
-10
-12
-7
4
9
-1
-20
-41
-54
-48
-33
-18
-2
7
11
4
0
-10
-9
-1
4
7
4
-6
-19
-32
-36
-22
-4
12
19
11
-4
-21
-28
-26
-19
-8
2
-1
-9
-18
-29
-33
-28
-11
11
26
26
11
-8
-17
-18
-12
-8
-8
-14
-27
-43
-56
-59
-42
-15
6
27
30
25
17
10
5
12
17
10
3
-18
-48
-66
-70
-66
-45
-20
-1
10
9
7
9
14
27
35
39
28
7
-21
-41
-52
-56
-50
-38
-29
-24
-27
-29
-24
-7
14
28
37
37
26
15
1
-10
-17
-18
-18
-18
-27
-39
-51
-50
-39
-23
-2
11
19
17
16
12
7
8
12
10
3
-5
-19
-38
-50
-51
-43
-38
-21
-13
-18
-21
-13
-4
6
19
33
36
30
12
-11
-28
-40

# direction: 1
-66
-69
-64
-45
-29
-19
-8
7
28
42
49
47
38
21
-2
-23
-31
-35
-35
-38
-42
-50
-52
-49
-34
-20
-2
16
24
25
20
7
-1
-1
6
10
14
9
-10
-32
-42
-44
-32
-19
-15
-17
-19
-24
-30
-21
-9
7
23
29
28
14
-2
-10
-11
-9
-5
-6
-12
-25
-42
-55
-58
-48
-23
-4
9
9
2
0
1
5
15
26
26
14
3
-13
-27
-33
-36
-27
-21
-18
-27
-36
-37
-33
-21
-1
18
26
25
16
10
6
5
11
10
-1
-15
-30
-44
-58
-63
-49
-31
-15
-15
-15
-13
-1
16
26
30
32
29
18
8
-8
-23
-31
-32
-31
-38
-40
-49
-50
-34
-18
5
21
27
22
22
17
9
13
8
-4
-15
-27
-46
-58
-56
-51
-42
-24
-3
6
11
15
14
20
25
25
17
-3
-17
-27
-38
-46
-42
-31
-27
-23
-11
-13
-6
1
8
23
28
27
15
4
-7
-13
-24
-28
-32
-32
-35
-31
-29
-22
-15
-7
1
11
18
15
11
7
6
-1
-5
-11
-23
-35
-40
-43
-44
-36
-27
-16
-12
-3
2
7
9
15
18
21
17
8
-2
-16
-24
-29
-36
-33
-41
-35
-27
-22
-15
-5
9
19
23
25
21
18
10
1
-12
-25
-32
-33
-41
-47
-46
-40
-29
-19
-5
3
8
22
26
25
17
11
9
-1
-15
-29
-38
-39
-42
-44
-44
-38
-23
-9
9
22
20
24
30
24
16
10
2
-4
-18
-38
-49
-54
-56
-49
-31
-18
-8
2
11
14
14
24
31
31
25
11
-10
-33
-48
-56
-56
-49
-37
-31
-32
-24
-18
-4
11
35
47
53
47
27
-1
-20
-28
-31
-30
-32
-39
-45
-49
-48
-39
-19
5
26
36
31
21
10
-3
-11
-8
-3
-7
-20
-33
-44
-47
-43
-25
-4
11
11
7
-3
-13
-20
-21
-10
0
0
-9
-19
-24
-28
-20
3
27
37
34
18
-3
-22
-31
-32
-31
-28
-34
-46
-56
-58
-46
-22
12
45
62
61
56
40
27
17
1
-15
-35
-57
-85
-101
-106
-94
-64
-30
5
29
49
52
49
55
58
55
50
29
-2
-36
-66
-88
-92
-84
-69
-46
-33
-21
-12
2
22
41
61
63
53
33
11
-12
-27
-33
-31
-27
-31
-39
-47
-48
-49
-42
-23
-9
10
20
17
1
-12
-7
7
20
30
31
18
5
-8
-24
-39
-46
-45
-41
-47
-54
-54
-54
-44
-16
13
41
59
63
55
43
33
20
5
-8
-24
-45
-64
-76
-86
-85
-67
-43
-18
7
22
33
41
41
44
39
31
20
9
-8
-33
-55
-67
-67
-56
-38
-29
-22
-14
-6
8
10
19
20
21
19
17
11
-1
-16
-28
-29
-24
-15
-16
-15
-19
-23
-24
-24
-21
-10
0
8
6
4
-5
-12
-18
-10
-3
2
6
-2
-11
-21
-24
-15
-9
-5
-4
-5
-12
-23
-35
-36
-28
-21
-7
8
7
-2
-8
-6
1
13
23
25
22
10
-12
-33
-42
-39
-31
-27
-27
-33
-37
-42
-35
-12
10
34
43
46
29
13
-1
-21
-28
-25
-19
-24
-40
-54
-54
-52
-34
-15
13
33
39
30
20
13
8
6
-4
-12
-16
-34
-52
-49
-46
-33
-10
12
24
24
18
12
5
6
3
-7
-23
-39
-56
-65
-55
-36
-16
-1
18
24
29
30
28
27
24
12
-10
-37
-61
-74
-79
-69
-59
-43
-22
-4
5
19
33
56
71
77
65
36
2
-29
-59
-70
-66
-67
-72
-74
-65
-51
-27
1
40
68
80
76
56
31
7
-14
-20
-31
-39
-58
-79
-95
-92
-73
-36
-5
24
42
44
36
31
28
31
32
27
17
-14
-45
-70
-83
-74
-55
-29
-3
6
3
-1
1
12
39
49
46
27
2
-29
-53
-61
-57
-45
-21
-10
-8
-13
-16
-16
-3
20
35
32
16
-11
-40
-54
-52
-46
-31
-14
-2
-4
-8
-10
-1
9
21
35
43
32
3
-25
-40
-45
-49
-40
-31
-27
-23
-19
-17
-10
1
22
42
49
44
30
5
-16
-36
-51
-55
-51
-47
-47
-48
-41
-30
-14
4
25
38
43
44
38
19
-1
-14
-26
-40
-44
-48
-54
-55
-52
-53
-33
-4
21
46
54
58
51
32
17
4
-5
-14
-30
-40
-61
-83
-89
-80
-60
-35
-1
33
46
50
44
37
34
32
33
19
-3
-35
-72
-102
-109
-97
-69
-37
-10
7
18
28
36
50
68
80
77
54
15
-33
-67
-84
-84
-75
-59
-48
-51
-53
-44
-20
18
56
83
91
80
50
13
-15
-30
-35
-38
-49
-62
-80
-91
-87
-70
-36
4
37
56
56
41
26
18
18
23
24
8
-20
-51
-74
-87
-74
-46
-21
4
12
9
3
1
11
32
44
39
22
0
-25
-51
-63
-51
-34
-15
-5
-9
-20
-27
-20
-6
7
20
32
19
-3
-25
-45
-48
-34
-14
-1
7
1
-10
-15
-10
1
14
15
12
6
-15
-36
-45
-44
-30
-20
-5
2
1
-3
-6
-3
11
23
30
21
10
-7
-30
-42
-49
-47
-39
-27
-18
-22
-27
-19
-9
3
21
36
33
26
15
-7
-17
-26
-30
-28
-25
-28
-37
-43
-47
-37
-18
2
22
30
28
21
14
5
6
7
1
-1
-10
-22
-36
-50
-51
-48
-38
-24
-4
-4
0
2
1
14
24
27
32
25
10
-10
-37
-53
-51
-52
-41
-33
-36
-33
-31
-25
-7
8
31
47
45
40
22
1
-13
-18
-19
-21
-28
-36
-47
-63
-64
-47
-18
7
23
31
35
24
8
6
12
12
11
4
-18
-39
-56
-61
-58
-44
-20
-2
6
8
8
0
-6
-2
14
19
20
8
-18
-37
-44
-37
-21
-9
-3
-2
-11
-14
-14
-11
-7
4
15
14
5
-8
-24
-35
-35
-28
-12
6
12
6
-8
-14
-15
-18
-7
-2
2
-5
-24
-42
-48
-42
-26
-9
5
9
13
9
-2
-4
-8
1
9
9
2
-18
-35
-44
-41
-27
-13
-4
2
2
0
-5
-8
-3
6
14
14
10
-4
-19
-31
-34
-26
-17
-15
-12
-13
-16
-25
-24
-15
-4
8
3
-2
-14
-16
-16
-13
-8
1
-3
-4
-4
-12
-14
-14
-12
-12
-6
-12
-17
-31
-39
-33
-17
0
13
16
13
13
16
18
16
14
5
-8
-26
-43
-51
-58
-58
-44
-33
-20
-13
-6
2
12
33
43
46
39
23
3
-15
-28
-42
-50
-51
-51
-51
-54
-52
-37
-11
20
44
52
49
43
25
15
8
0
-9
-19
-37
-60
-75
-78
-71
-46
-19
9
25
18
12
10
9
23
31
33
17
-11
-37
-56
-63
-58
-37
-17
-7
-2
-11
-18
-18
-5
19
32
39
29
6
-20
-38
-44
-38
-20
0
6
-3
-15
-24
-29
-14
8
31
34
17
-7
-35
-54
-46
-35
-18
-1
2
-5
-19
-22
-15
-3
16
29
26
16
-9
-35
-47
-51
-35
-11
-2
-7
-16
-21
-24
-14
-2
20
30
25
18
-5
-26
-35
-36
-27
-12
-1
-3
-15
-22
-15
-7
0
11
21
20
8
-9
-26
-42
-45
-40
-32
-18
-10
-12
-10
-6
5
19
21
25
24
6
-13
-28
-44
-54
-57
-48
-40
-29
-20
-5
8
16
31
38
41
37
26
13
-2
-18
-34
-48
-66
-62
-52
-39
-27
-17
0
6
13
27
30
27
25
23
14
-3
-22
-36
-40
-45
-38
-26
-21
-24
-26
-25
-15
-10
-2
7
11
7
5
-13
-26
-27
-18
-4
8
18
11
0
-15
-22
-23
-15
-5
-4
-8
-19
-33
-46
-42
-24
-1
20
37
34
25
8
-9
-10
-4
1
1
-6
-26
-52
-69
-73
-56
-33
-5
17
17
9
-8
-12
2
16
35
39
31
4
-27
-48
-53
-42
-25
-4
1
-13
-31
-44
-41
-26
1
29
44
40
17
-7
-25
-22
-8
6
25
21
-3
-45
-73
-82
-69
-37
-9
8
7
-2
-14
-15
3
24
47
55
50
21
-23
-57
-71
-68
-46
-28
-18
-21
-26
-28
-26
-5
26
52
65
59
37
-1
-33
-52
-53
-40
-22
-15
-24
-44
-52
-46
-24
11
44
61
62
41
11
-20
-42
-45
-39
-38
-38
-51
-56
-58
-54
-35
0
32
57
71
59
37
9
-9
-15
-23
-28
-31
-49
-65
-73
-66
-45
-14
22
46
57
53
41
30
22
11
-3
-16
-25
-48
-67
-74
-74
-63
-44
-14
10
23
26
26
23
20
25
24
16
-1
-29
-44
-56
-60
-53
-42
-31
-18
-3
11
16
24
26
27
29
21
4
-17
-34
-46
-48
-36
-25
-17
-14
-12
-6
1
15
30
38
31
17
-7
-31
-52
-62
-59
-55
-40
-27
-26
-24
-14
7
34
52
62
60
36
7
-22
-47
-63
-72
-68
-65
-60
-61
-57
-37
0
42
81
104
102
90
60
29
5
-20
-46
-72
-95
-113
-130
-133
-104
-60
-13
32
73
93
99
95
84
73
58
30
-1
-51
-96
-136
-160
-149
-118
-81
-43
-9
16
45
67
95
115
125
116
86
41
-16
-76
-110
-121
-117
-104
-94
-82
-63
-42
-5
40
73
93
98
83
62
34
3
-22
-33
-44
-54
-64
-79
-84
-73
-53
-24
-1
16
25
19
7
4
9
11
13
16
15
7
-10
-26
-22
-13
-4
4
-1
-17
-38
-41
-46
-36
-20
-10
-6
-6
-3
4
18
30
39
40
37
20
2
-25
-49
-58
-60
-58
-54
-50
-51
-49
-31
-4
24
40
50
46
29
10
-3
-8
-9
-11
-16
-29
-46
-58
-56
-40
-20
-3
7
7
-6
-10
-12
-5
7
18
25
26
15
-1
-13
-12
-9
-3
2
-8
-29
-49
-64
-60
-45
-27
-4
11
9
-3
-3
6
19
36
44
35
15
-15
-41
-64
-62
-53
-46
-35
-33
-31
-30
-26
-5
27
55
70
64
38
7
-23
-39
-40
-30
-25
-30
-43
-58
-70
-58
-25
17
45
60
54
31
4
-12
-14
-8
-12
-17
-30
-52
-65
-69
-58
-32
0
31
46
42
24
6
1
4
14
19
7
-12
-36
-61
-70
-59
-41
-20
-3
6
5
0
1
10
28
37
38
26
3
-24
-47
-57
-46
-28
-21
-24
-30
-35
-39
-36
-13
13
33
39
29
12
-3
-19
-21
-13
-5
-2
-11
-30
-45
-53
-44
-26
-2
14
19
17
8
-5
-13
-11
2
14
17
3
-16
-31
-40
-40
-26
-8
13
19
12
3
-15
-28
-26
-16
-4
7
1
-20
-44
-46
-38
-31
-10
13
22
14
4
-3
-13
-9
3
15
11
1
-23
-44
-52
-43
-31
-20
-13
-3
5
1
-2
3
17
27
28
29
21
6
-15
-32
-43
-47
-47
-49
-43
-37
-32
-31
-24
-8
4
23
35
39
35
27
6
-10
-16
-19
-25
-30
-35
-38
-39
-45
-38
-23
-2
14
23
26
30
19
7
-6
-10
-6
-8
-21
-28
-30
-34
-27
-21
-11
0
10
10
8
0
-10
-14
-21
-26
-31
-37
-39
-34
-21
-6
3
15
22
26
31
30
22
6
-11
-30
-43
-61
-78
-78
-68
-50
-30
-13
6
25
36
55
74
84
80
58
28
-6
-42
-72
-92
-102
-99
-80
-73
-62
-52
-29
5
47
86
113
111
84
49
16
-12
-35
-51
-58
-73
-89
-114
-125
-114
-88
-35
22
69
92
88
74
58
44
46
55
48
16
-33
-88
-130
-152
-133
-92
-38
8
23
17
5
5
25
63
103
117
88
36
-23
-75
-99
-96
-74
-48
-32
-32
-53
-75
-73
-37
26
80
107
102
64
10
-27
-36
-22
-2
4
-4
-34
-82
-112
-110
-79
-28
31
59
61
41
13
-5
5
30
51
56
34
-14
-71
-108
-109
-87
-50
-18
-5
-3
-12
-13
-7
14
47
76
79
58
15
-31
-61
-71
-54
-37
-30
-39
-60
-70
-61
-40
-2
41
72
82
68
42
19
2
-6
3
2
-16
-52
-88
-102
-93
-71
-36
1
25
33
24
20
21
29
43
52
47
25
-17
-52
-78
-78
-60
-44
-38
-38
-53
-52
-45
-17
11
38
63
65
57
35
15
2
0
0
-2
-17
-42
-72
-90
-83
-67
-37
-5
11
10
12
14
14
20
37
50
50
33
7
-31
-58
-58
-39
-30
-26
-37
-51
-56
-52
-32
-9
12
29
34
25
12
-1
-4
6
22
28
18
5
-11
-29
-34
-32
-29
-24
-25
-37
-54
-61
-50
-34
-11
19
32
41
44
37
37
39
38
36
18
-12
-54
-79
-100
-105
-101
-84
-66
-45
-23
0
28
56
81
101
106
92
69
27
-16
-46
-69
-83
-100
-107
-116
-118
-103
-65
-17
32
75
105
118
113
97
75
52
27
-4
-47
-88
-126
-150
-147
-128
-93
-51
-14
24
47
69
81
88
95
99
80
40
-8
-59
-94
-116
-114
-102
-90
-73
-57
-41
-12
21
58
88
105
103
81
47
17
-6
-27
-43
-60
-76
-96
-112
-105
-81
-46
2
39
64
73
65
59
49
43
33
15
-9
-40
-75
-99
-110
-103
-81
-49
-17
6
21
25
33
40
53
65
66
41
13
-28
-58
-77
-82
-76
-61
-47
-35
-31
-18
4
34
55
66
65
54
27
-3
-27
-48
-56
-59
-66
-65
-52
-40
-28
-6
16
43
57
58
51
25
3
-9
-28
-46
-60
-70
-76
-68
-54
-36
-11
17
38
46
49
51
48
37
25
13
-12
-40
-69
-86
-95
-84
-58
-31
2
23
31
35
45
53
61
60
42
15
-29
-69
-90
-95
-87
-69
-48
-35
-25
-11
4
33
58
73
73
57
32
-8
-45
-62
-75
-72
-61
-57
-53
-45
-35
-15
16
48
72
79
71
50
22
-9
-31
-42
-52
-58
-61
-76
-78
-69
-42
-6
28
58
70
68
51
28
17
4
-11
-26
-42
-63
-83
-93
-85
-66
-35
-1
25
40
46
41
34
34
37
32
16
-6
-31
-55
-70
-68
-60
-51
-39
-25
-14
-2
7
24
38
47
46
33
15
-5
-23
-29
-36
-44
-47
-47
-48
-43
-36
-18
-3
10
21
18
15
4
4
-3
-3
0
-4
-17
-29
-36
-34
-21
-6
12
18
10
-8
-17
-17
-17
-12
-2
1
-7
-22
-32
-39
-26
-8
20
33
32
15
0
-5
-12
-13
-6
-7
-14
-32
-57
-76
-75
-55
-31
-1
24
32
31
25
17
22
28
27
22
3
-33
-62
-81
-78
-64
-47
-26
-7
10
15
15
20
32
42
48
43
22
0
-30
-49
-62
-62
-52
-42
-32
-22
-15
-12
-1
12
23
34
39
27
7
-13
-30
-43
-49
-44
-36
-31
-27
-21
-9
1
10
22
33
31
20
7
-9
-26
-40
-51
-48
-47
-38
-20
-4
7
21
31
31
36
37
30
18
-3
-28
-48
-69
-78
-68
-58
-42
-25
-10
0
9
24
40
50
55
53
36
8
-25
-53
-70
-78
-76
-68
-58
-53
-47
-30
-4
25
59
82
86
78
52
23
-1
-26
-39
-49
-57
-73
-82
-80
-78
-67
-35
5
35
51
57
52
49
48
39
34
23
1
-30
-63
-87
-99
-96
-84
-54
-31
-24
-15
-1
22
43
66
82
87
71
45
12
-28
-48
-59
-69
-74
-76
-83
-80
-66
-44
-10
21
53
69
71
60
45
35
25
11
-3
-19
-44
-68
-91
-99
-90
-68
-47
-24
-6
5
18
40
58
65
62
52
37
8
-23
-48
-64
-70
-63
-50
-51
-51
-48
-37
-9
23
48
59
57
47
30
10
1
-4
-13
-15
-30
-48
-62
-74
-73
-53
-20
6
28
30
22
23
15
16
18
16
5
-12
-33
-55
-75
-82
-70
-36
-11
6
13
8
6
16
38
51
57
49
22
-12
-43
-63
-73
-68
-55
-40
-31
-31
-31
-19
5
30
56
76
72
53
23
0
-19
-30
-44
-50
-68
-87
-94
-101
-91
-58
-15
34
66
74
70
59
59
57
49
42
13
-24
-69
-102
-116
-116
-101
-75
-42
-16
-5
5
23
45
68
88
94
88
60
16
-26
-57
-63
-63
-65
-70
-75
-78
-81
-64
-35
1
37
66
69
56
40
19
9
12
15
10
-8
-32
-60
-75
-76
-67
-49
-28
-13
-11
-11
-14
-4
8
32
43
47
41
24
7
-6
-12
-15
-10
-18
-25
-36
-49
-50
-44
-35
-21
-6
-3
-8
-5
-9
-3
2
8
14
15
14
7
8
6
-5
-8
-11
-21
-32
-46
-58
-62
-60
-45
-32
-18
-8
3
19
36
54
63
63
50
32
11
-18
-35
-46
-54
-63
-73
-76
-77
-69
-43
-6
25
46
58
56
49
33
22
17
15
-5
-24
-54
-83
-94
-89
-68
-41
-10
19
25
19
15
20
25
30
37
24
3
-22
-47
-56
-53
-36
-16
2
11
5
-6
-13
-16
-9
5
18
20
5
-21
-45
-49
-40
-26
-6
7
10
1
-13
-21
-22
-18
-2
10
15
6
-13
-25
-29
-28
-16
0
8
7
-10
-22
-30
-38
-27
-13
0
10
10
-6
-14
-11
-1
13
32
43
41
19
-6
-37
-57
-65
-61
-51
-41
-45
-45
-47
-39
-17
19
53
81
91
82
47
8
-22
-39
-54
-51
-51
-63
-79
-100
-107
-88
-47
-1
54
91
97
86
65
44
36
38
41
30
-3
-52
-103
-139
-149
-126
-80
-32
2
19
20
18
26
48
85
113
108
80
19
-37
-78
-103
-100
-83
-63
-53
-55
-65
-70
-55
-22
28
76
99
89
54
22
3
-4
-1
7
6
-10
-41
-75
-94
-93
-68
-29
2
18
17
5
-11
-9
7
34
54
51
34
4
-19
-32
-31
-22
-11
-12
-29
-58
-76
-85
-77
-51
-12
20
31
24
18
24
33
49
57
53
28
-9
-43
-70
-80
-79
-67
-54
-47
-38
-27
-17
10
46
68
77
70
56
29
-3
-26
-32
-36
-46
-56
-67
-78
-74
-54
-23
14
45
62
56
36
17
2
-6
-7
-16
-31
-50
-71
-86
-78
-52
-22
10
39
54
49
41
27
22
19
9
-11
-28
-58
-82
-89
-78
-49
-19
11
31
43
39
38
41
41
39
29
3
-28
-58
-78
-87
-81
-66
-48
-29
-14
-2
12
26
36
46
55
46
28
1
-24
-39
-49
-49
-46
-46
-50
-48
-39
-26
-5
16
38
46
40
27
12
-4
-4
-8
-7
-12
-20
-32
-39
-37
-35
-20
-5
-4
-9
-17
-27
-32
-25
-7
6
16
22
15
4
-6
-13
-15
-11
-10
-16
-22
-38
-42
-43
-36
-23
-9
8
24
27
22
14
8
0
4
5
2
-4
-22
-33
-43
-46
-39
-32
-22
-8
3
10
13
13
10
5
4
2
-4
-13
-24
-38
-51
-58
-52
-32
-6
14
24
24
16
11
4
4
-1
-4
-5
-14
-27
-44
-57
-58
-42
-13
15
34
41
33
16
-2
-13
-11
-3
3
1
-13
-38
-60
-69
-64
-40
-5
21
29
22
13
0
-2
1
4
9
13
6
-18
-55
-77
-78
-58
-26
1
20
17
8
-5
-5
4
27
48
48
36
10
-26
-57
-68
-56
-40
-17
-3
-9
-26
-33
-35
-29
-8
25
43
50
45
23
-2
-21
-34
-32
-13
-8
-21
-48
-73
-84
-75
-53
-18
20
41
49
39
25
13
6
19
35
39
23
-10
-51
-81
-92
-87
-62
-30
-7
3
-2
-7
-13
-5
24
52
75
83
63
14
-34
-59
-66
-57
-42
-23
-23
-39
-61
-69
-63
-37
3
50
74
72
43
0
-26
-24
-10
12
26
23
-5
-43
-71
-80
-71
-41
-7
19
22
4
-25
-45
-36
-2
42
71
72
50
14
-26
-49
-51
-37
-10
0
-8
-31
-66
-87
-80
-47
-5
33
46
45
22
-2
-13
-5
19
38
39
16
-13
-46
-72
-79
-67
-41
-21
-10
-11
-18
-21
-14
8
34
52
51
41
20
4
-13
-18
-22
-21
-17
-25
-38
-56
-62
-53
-36
-13
2
5
7
4
5
21
32
39
34
13
-6
-23
-36
-44
-43
-42
-44
-42
-46
-50
-40
-14
14
38
49
48
36
17
0
-10
-9
-10
-10
-16
-34
-49
-58
-59
-44
-17
7
24
24
19
11
6
6
15
21
17
0
-27
-49
-66
-68
-58
-37
-17
-5
6
6
1
-2
11
20
31
31
17
-1
-31
-50
-56
-49
-32
-19
-3
-2
-6
-11
-11
-1
15
26
28
21
3
-12
-26
-33
-31
-20
-10
-11
-19
-29
-36
-30
-16
5
14
11
12
5
-3
-8
-6
-5
-9
-10
-17
-31
-46
-55
-45
-28
-6
11
10
7
2
6
5
10
18
20
10
-7
-22
-35
-42
-40
-30
-18
-14
-17
-18
-22
-15
2
26
43
51
47
27
-1
-28
-42
-49
-52
-54
-54
-60
-59
-56
-44
-12
23
54
73
74
55
30
5
-13
-29
-30
-33
-46
-63
-87
-90
-77
-47
-1
42
64
77
69
51
32
23
21
19
1
-30
-63
-96
-112
-116
-90
-49
-10
19
36
45
42
46
44
43
42
33
5
-34
-73
-100
-106
-91
-61
-26
-4
14
26
27
31
39
43
49
37
5
-26
-50
-68
-70
-63
-45
-23
-13
-4
12
20
21
30
38
43
34
11
-14
-35
-60
-65
-69
-63
-50
-44
-36
-20
1
26
47
61
64
50
33
12
-16
-36
-48
-58
-66
-71
-70
-62
-48
-24
9
37
54
63
60
47
32
18
5
-4
-19
-42
-61
-64
-68
-67
-56
-44
-24
-1
7
15
18
18
23
29
38
29
14
-7
-27
-43
-49
-51
-45
-37
-31
-28
-28
-31
-25
-10
15
34
46
39
23
11
3
3
5
2
-1
-11
-21
-38
-55
-61
-59
-44
-25
-10
-9
-6
-2
9
22
41
49
44
32
9
-18
-43
-62
-66
-63
-55
-46
-39
-33
-29
-15
6
41
55
57
48
27
9
0
-13
-32
-43
-41
-43
-45
-45
-51
-54
-36
-12
15
37
41
35
29
24
17
10
-6
-21
-32
-46
-50
-51
-47
-41
-25
-10
1
18
26
26
25
16
10
-10
-27
-36
-42
-41
-37
-27
-23
-18
-11
-4
13
33
43
40
31
12
-4
-20
-39
-40
-29
-33
-43
-49
-53
-52
-37
-15
22
55
68
67
49
28
10
-5
-21
-26
-38
-62
-89
-112
-112
-95
-63
-16
28
53
64
60
51
48
55
61
60
34
-2
-50
-95
-115
-119
-96
-66
-40
-28
-22
-25
-9
25
64
103
118
114
88
43
-7
-41
-61
-69
-81
-85
-99
-115
-127
-107
-61
-1
53
88
105
90
73
59
50
38
32
14
-21
-69
-117
-139
-136
-116
-73
-32
-6
7
11
19
36
65
97
111
105
70
13
-37
-71
-84
-75
-61
-57
-63
-69
-72
-62
-36
7
56
86
87
60
25
-3
-19
-24
-22
-13
-21
-44
-58
-73
-67
-42
-5
27
41
33
13
-8
-22
-25
-14
1
10
5
-14
-35
-44
-37
-16
7
25
37
33
18
-5
-20
-24
-11
-8
-19
-40
-59
-68
-69
-52
-27
6
36
48
57
52
40
29
21
10
-7
-25
-60
-86
-97
-95
-77
-51
-28
-2
23
38
48
52
55
54
45
33
16
-15
-43
-66
-73
-73
-62
-57
-50
-34
-19
0
20
34
43
46
49
40
22
-1
-19
-29
-38
-47
-52
-54
-56
-53
-39
-27
-13
5
15
32
39
42
31
10
-7
-12
-18
-16
-13
-21
-30
-38
-44
-48
-40
-24
-6
11
22
23
20
11
6
20
31
24
13
-9
-45
-68
-74
-70
-61
-40
-17
-2
9
15
9
9
23
37
49
38
11
-29
-61
-75
-67
-48
-30
-11
2
4
-4
-4
-2
4
26
44
43
18
-16
-49
-62
-58
-43
-23
1
11
14
3
0
-4
5
23
29
24
2
-28
-61
-84
-92
-78
-49
-22
0
15
15
23
34
49
60
69
61
29
-19
-68
-103
-116
-104
-79
-55
-34
-20
-13
5
30
54
81
101
104
85
47
5
-31
-55
-71
-73
-75
-86
-95
-94
-84
-65
-33
7
52
83
92
83
60
42
32
27
17
-5
-44
-76
-97
-112
-111
-94
-68
-34
-15
-3
7
19
33
53
70
82
81
67
40
0
-28
-37
-43
-46
-50
-66
-86
-101
-98
-78
-40
-5
31
51
59
59
51
56
67
72
66
43
1
-51
-97
-121
-130
-115
-92
-77
-61
-57
-47
-19
19
66
110
139
147
123
82
35
-1
-29
-44
-65
-98
-136
-165
-171
-156
-107
-50
21
73
109
126
121
105
101
96
87
57
3
-67
-130
-170
-185
-169
-135
-92
-53
-26
1
23
52
85
121
150
151
120
73
12
-51
-91
-104
-111
-113
-112
-107
-105
-85
-49
-6
40
80
111
122
108
80
46
19
-1
-18
-34
-54
-74
-91
-103
-98
-76
-54
-30
-3
20
31
33
32
35
32
33
36
28
9
-10
-29
-46
-63
-72
-66
-55
-35
-19
-19
-18
-10
-2
11
31
39
44
37
28
17
-4
-26
-29
-24
-17
-12
-19
-30
-45
-46
-39
-25
-11
-2
9
11
4
1
-7
-4
2
11
13
7
-9
-32
-51
-51
-37
-13
4
7
-4
-22
-32
-26
-19
-14
-1
9
5
-3
-17
-19
-11
7
30
38
30
13
-15
-32
-42
-43
-35
-24
-24
-28
-29
-29
-27
-10
14
33
47
43
28
7
-13
-20
-19
-19
-18
-29
-49
-64
-72
-65
-45
-13
11
30
37
38
41
39
35
27
18
-1
-30
-54
-72
-82
-76
-57
-30
-13
-4
4
19
40
55
59
56
32
2
-27
-53
-56
-60
-58
-45
-39
-39
-35
-32
-16
12
44
58
60
46
13
-11
-21
-22
-29
-32
-41
-50
-65
-70
-71
-42
-6
33
66
76
62
39
17
10
10
16
7
-14
-53
-89
-109
-106
-84
-48
-10
24
41
38
30
17
17
40
59
62
40
-14
-62
-96
-104
-86
-61
-47
-37
-32
-32
-30
-12
17
52
90
109
97
55
9
-31
-52
-48
-46
-44
-48
-64
-84
-84
-68
-35
9
50
79
79
61
28
7
-7
1
17
19
-3
-37
-76
-96
-94
-74
-46
-19
-2
2
5
-3
-6
9
37
62
66
47
17
-15
-37
-48
-43
-33
-28
-31
-39
-54
-60
-52
-26
8
31
46
44
37
26
16
14
23
26
15
-7
-35
-62
-78
-82
-78
-57
-39
-29
-18
-11
8
28
48
66
72
67
46
13
-21
-45
-61
-69
-81
-85
-81
-74
-54
-31
2
28
50
66
67
63
58
45
25
2
-25
-48
-70
-84
-86
-79
-62
-42
-26
-7
12
32
50
63
66
62
46
12
-28
-62
-81
-90
-83
-70
-53
-43
-32
-10
14
48
79
94
92
63
21
-24
-61
-79
-79
-73
-64
-61
-67
-68
-49
-9
39
83
110
112
94
55
16
-17
-40
-53
-58
-71
-90
-114
-126
-112
-77
-24
30
71
96
97
92
75
61
50
32
4
-30
-68
-108
-134
-137
-128
-94
-54
-7
21
35
50
60
74
84
87
79
51
24
-9
-39
-69
-90
-100
-99
-84
-74
-59
-44
-29
-7
24
45
60
65
61
58
50
37
14
-14
-44
-63
-65
-63
-61
-56
-55
-63
-56
-42
-21
8
32
52
64
56
37
18
11
15
31
34
15
-20
-64
-97
-104
-90
-65
-34
-5
6
6
-3
-7
-2
31
66
90
87
47
-14
-60
-81
-78
-52
-21
-13
-25
-50
-74
-82
-68
-31
21
67
82
63
22
-12
-25
-7
27
47
47
20
-24
-74
-107
-105
-69
-22
13
25
16
-12
-40
-41
-13
25
59
67
55
23
-12
-45
-46
-24
5
20
13
-16
-53
-82
-95
-85
-47
-10
17
31
24
11
6
-1
19
41
51
50
29
-7
-34
-60
-72
-62
-49
-38
-32
-34
-38
-40
-35
-20
6
42
69
85
85
65
31
2
-19
-29
-34
-44
-60
-76
-95
-111
-113
-93
-49
5
57
88
98
85
68
44
20
16
21
9
-20
-59
-98
-126
-136
-120
-80
-27
21
47
57
50
44
46
62
85
92
73
24
-32
-97
-133
-141
-120
-86
-47
-13
-5
-4
1
18
43
84
105
104
63
1
-58
-99
-110
-94
-62
-34
-18
-16
-20
-24
-14
11
48
76
80
59
13
-41
-75
-78
5
-12
-9
22
50
70
55
14
-52
-111
-141
-129
-80
-22
29
44
36
8
-12
-4
13
38
44
28
-5
-52
-83
-84
-57
-12
36
59
40
-6
-54
-81
-68
-26
27
75
91
76
32
-4
-35
-49
-50
-41
-46
-73
-95
-110
-88
-25
46
111
157
144
84
8
-59
-100
-100
-78
-54
-39
-34
-44
-56
-45
-15
20
56
71
54
6
-37
-55
-42
1
56
87
83
47
-14
-75
-121
-127
-108
-64
-21
4
15
22
40
69
98
118
97
48
-40
-127
-187
-200
-156
-87
-7
64
94
90
58
16
-9
-17
-7
-3
-13
-31
-40
-26
8
50
85
93
59
-9
-94
-166
-201
-189
-124
-36
53
110
130
122
109
96
84
59
17
-50
-123
-180
-193
-166
-98
-2
89
147
144
87
18
-54
-91
-85
-52
-18
18
35
44
50
57
59
40
3
-67
-145
-218
-259
-240
-155
-30
113
231
282
256
179
89
4
-66
-113
-149
-175
-188
-174
-131
-60
34
119
174
188
136
44
-57
-128
-142
-100
-20
57
111
132
120
79
26
-35
-92
-139
-191
-236
-251
-220
-134
-10
144
272
338
320
217
77
-66
-174
-233
-242
-213
-155
-82
-16
43
100
151
173
154
102
2
-103
-180
-196
-139
-23
104
201
231
197
113
-3
-117
-206
-263
-276
-258
-212
-144
-47
73
203
312
367
333
208
26
-155
-303
-369
-349
-259
-138
-6
101
166
202
198
175
128
58
-26
-112
-172
-174
-116
-8
120
218
256
215
106
-46
-198
-308
-366
-360
-299
-195
-67
75
219
336
407
409
324
167
-32
-225
-354
-402
-357
-242
-103
31
125
184
196
174
120
39
-59
-159
-220
-228
-166
-41
121
256
320
292
170
-10
-191
-315
-356
-324
-237
-127
-7
120
240
356
439
450
359
175
-83
-362
-585
-672
-611
-424
-170
74
245
320
319
275
216
158
97
16
-84
-166
-209
-176
-68
98
269
379
372
243
32
-190
-354
-406
-347
-226
-71
74
179
243
254
214
131
0
-174
-369
-538
-638
-616
-460
-188
133
425
614
669
603
450
264
87
-62
-186
-270
-308
-297
-221
-86
76
224
320
315
211
26
-181
-363
-486
-527
-488
-372
-201
-16
159
271
306
280
209
111
19
-40
-43
6
99
203
282
315
289
194
21
-215
-500
-772
-943
-939
-728
-342
154
660
1052
1249
1215
969
590
190
-128
-348
-510
-676
-851
-949
-863
-556
-100
353
631
634
387
45
-137
22
506
1095
1442
1279
463
-950
-2593
-3817
-3904
-2614
-292
2439
5005
6845
7123
5235
1808
-1685
-4667
-8770
-15679
-23197
-24460
-14040
5522
24463
32768
28996
17662
5972
-1362
-3406
-2173
-1169
-2380
-5085
-7429
-8472
-8110
-6496
-4228
-2263
-1244
-867
-482
158
934
1646
2037
1854
1221
479
-120
-381
-206
306
895
1322
1484
1374
1093
830
667
543
354
24
-444
-938
-1280
-1315
-1032
-525
64
582
903
980
841
574
279
15
-175
-297
-374
-424
-452
-439
-365
-264
-170
-115
-100
-125
-172
-218
-219
-155
-30
136
298
426
476
438
318
138
-75
-289
-465
-551
-546
-440
-269
-70
122
270
364
397
364
268
118
-62
-256
-401
-457
-395
-214
50
325
523
587
532
370
162
-41
-196
-302
-359
-369
-336
-275
-175
-39
109
218
259
207
59
-127
-281
-336
-274
-124
65
228
318
330
273
181
87
-1
-78
-147
-225
-295
-319
-256
-105
117
345
505
524
389
147
-135
-366
-509
-555
-503
-399
-272
-129
20
160
283
377
418
369
226
29
-170
-299
-317
-237
-89
75
181
212
167
82
-20
-108
-168
-199
-196
-163
-105
-13
100
218
318
348
293
157
-29
-224
-372
-436
-415
-317
-185
-38
107
235
329
370
348
264
131
-34
-187
-284
-318
-272
-163
-26
89
150
147
99
26
-42
-100
-134
-153
-153
-128
-59
46
164
271
337
326
235
80
-105
-279
-384
-404
-341
-219
-88
22
103
166
211
232
215
162
69
-54
-176
-259
-274
-224
-109
24
133
189
177
100
-3
-90
-134
-140
-108
-58
-7
38
82
149
198
223
199
124
7
-138
-271
-351
-353
-278
-138
13
134
201
208
178
136
90
41
-13
-76
-138
-173
-176
-142
-71
18
103
147
132
64
-32
-124
-172
-153
-89
-1
68
112
138
148
134
117
80
23
-49
-131
-216
-273
-276
-214
-92
58
175
234
228
168
78
-5
-65
-89
-103
-103
-97
-91
-81
-60
-24
27
67
74
44
-20
-94
-135
-119
-57
34
123
170
175
143
76
12
-49
-86
-100
-111
-124
-140
-140
-116
-49
41
128
187
184
130
45
-44
-104
-122
-110
-69
-24
7
8
-2
-9
-13
-2
7
7
-19
-62
-99
-97
-60
8
80
138
157
128
55
-29
-98
-139
-139
-116
-75
-47
-31
-25
-16
17
68
109
127
105
48
-17
-77
-102
-90
-57
-11
26
30
8
-36
-76
-87
-63
-21
14
31
26
14
4
12
38
71
83
64
14
-59
-136
-179
-175
-122
-47
30
79
85
68
41
21
22
35
40
26
-16
-56
-88
-98
-77
-27
21
57
62
29
-27
-62
-69
-40
14
62
74
53
13
-31
-62
-76
-64
-40
-21
-24
-41
-63
-67
-44
4
64
105
109
70
4
-54
-88
-89
-65
-33
-5
0
-19
-40
-36
-21
9
49
78
64
26
-18
-55
-56
-33
16
61
75
46
-9
-70
-110
-119
-104
-59
-6
35
47
34
19
18
37
59
66
47
1
-59
-112
-139
-127
-77
-21
30
56
48
14
-25
-45
-39
-8
25
51
52
35
5
-14
-11
7
21
17
-9
-51
-97
-132
-136
-97
-29
41
92
108
90
58
29
6
-6
-16
-23
-45
-71
-83
-82
-69
-35
11
50
56
35
-6
-51
-73
-68
-33
14
52
66
62
46
19
-4
-21
-29
-40
-56
-77
-93
-93
-63
-13
43
91
112
95
55
5
-37
-62
-64
-59
-45
-33
-31
-28
-20
-8
15
34
34
11
-28
-67
-96
-92
-55
-8
44
71
81
72
56
24
-9
-28
-49
-58
-66
-80
-83
-66
-25
21
57
70
53
17
-28
-51
-54
-43
-12
23
46
56
56
33
10
-12
-26
-49
-83
-112
-140
-144
-109
-48
25
93
137
149
135
97
48
7
-36
-70
-97
-112
-117
-118
-105
-67
-19
25
55
62
40
18
1
4
14
32
53
67
65
39
8
-43
-87
-108
-110
-114
-112
-102
-73
-26
35
93
138
155
144
109
54
-4
-66
-107
-136
-139
-117
-81
-47
-21
9
40
53
60
49
22
-2
-32
-36
-29
-20
-6
2
12
24
13
-10
-30
-54
-67
-64
-54
-35
-10
15
45
65
72
57
20
-13
-43
-68
-82
-83
-69
-46
-14
19
45
65
68
57
28
-7
-42
-72
-90
-90
-72
-41
1
35
50
46
45
45
22
-3
-28
-61
-75
-73
-61
-41
-8
16
33
41
35
8
-18
-34
-36
-36
-34
-20
-4
19
34
50
59
45
16
-21
-60
-93
-99
-86
-72
-47
-14
14
30
42
37
34
28
15
0
-21
-37
-44
-35
-19
3
24
30
22
-7
-37
-63
-78
-74
-60
-36
-11
15
41
60
72
83
82
64
19
-32
-84
-122
-138
-126
-92
-50
-2
33
48
55
43
41
33
23
11
-6
-25
-42
-40
-30
-13
-1
4
2
-16
-43
-65
-72
-64
-35
-1
30
51
59
49
43
37
22
3
-23
-49
-76
-92
-87
-68
-41
-7
30
52
58
38
8
-17
-37
-44
-39
-36
-27
-13
6
23
35
38
31
20
3
-23
-60
-81
-87
-73
-47
-9
21
42
51
49
26
5
-6
-20
-28
-32
-28
-19
-14
-14
-8
-2
9
13
3
-16
-40
-56
-57
-50
-31
0
33
49
54
48
23
-3
-24
-40
-50
-50
-50
-51
-52
-43
-17
19
43
62
57
32
-3
-48
-73
-73
-58
-27
4
24
31
19
10
5
5
9
10
3
-18
-46
-68
-74
-58
-27
9
31
32
17
-17
-42
-50
-34
5
37
54
53
34
8
-20
-30
-28
-23
-24
-40
-73
-107
-120
-94
-35
43
109
140
128
89
40
-5
-33
-46
-41
-42
-53
-73
-96
-103
-84
-43
13
64
78
64
34
-8
-31
-24
2
38
49
35
6
-40
-89
-100
-91
-56
-17
3
3
-10
-23
-11
15
51
76
78
50
6
-53
-102
-116
-97
-56
-5
34
43
34
16
12
12
26
31
24
-1
-36
-72
-97
-98
-76
-37
14
52
54
38
14
-7
-15
-1
19
28
27
12
-14
-43
-70
-72
-68
-60
-40
-24
-21
-28
-29
-8
26
55
91
99
90
65
22
-27
-74
-100
-99
-81
-65
-48
-40
-39
-28
-8
15
38
59
68
57
35
9
-10
-26
-27
-22
-4
-3
-18
-44
-72
-83
-81
-62
-36
-8
13
27
35
33
34
36
38
41
32
13
-21
-54
-74
-75
-66
-50
-30
-7
7
11
10
3
-5
1
5
9
13
14
10
0
-8
-13
-11
-15
-21
-28
-35
-39
-46
-48
-37
-15
10
29
34
32
16
-1
-20
-33
-41
-40
-26
-10
0
-7
-14
-11
-6
5
14
15
11
-9
-29
-44
-51
-38
-15
15
34
36
20
-3
-32
-47
-37
-14
2
8
-1
-15
-31
-31
-12
14
33
45
40
6
-40
-77
-90
-80
-46
-12
15
10
-16
-34
-33
-10
32
64
79
71
34
-8
-51
-62
-48
-30
-10
-11
-40
-70
-88
-86
-47
8
64
97
97
75
38
1
-20
-23
-22
-28
-47
-75
-109
-119
-101
-50
13
69
95
88
63
26
-6
-24
-29
-32
-37
-48
-70
-78
-65
-40
3
45
76
83
64
41
16
-12
-29
-36
-42
-52
-63
-74
-77
-63
-34
5
37
57
66
57
49
38
30
15
-2
-35
-57
-82
-107
-117
-101
-76
-40
-9
19
44
64
78
84
71
53
30
-5
-42
-67
-82
-89
-87
-76
-55
-35
-7
23
43
55
57
55
39
16
-6
-21
-31
-38
-34
-31
-35
-36
-32
-28
-18
-7
-1
2
0
-5
-5
5
10
18
17
6
-7
-24
-38
-43
-39
-30
-22
-17
-18
-19
-22
-8
9
21
28
29
19
4
-16
-32
-26
-16
-10
-8
-10
-20
-34
-46
-44
-25
-6
9
15
12
11
3
4
16
25
30
21
-2
-28
-49
-66
-75
-76
-61
-42
-18
-2
9
13
26
35
43
46
33
18
2
-15
-31
-50
-66
-66
-60
-39
-21
-2
5
3
2
-1
7
29
43
51
47
28
-8
-45
-67
-77
-66
-47
-25
-17
-26
-42
-53
-44
1
61
99
106
76
21
-36
-76
-81
-58
-26
4
4
-22
-61
-86
-82
-35
30
85
111
79
17
-49
-85
-71
-23
41
77
65
16
-47
-104
-120
-83
-27
39
75
54
-6
-72
-103
-86
-23
55
105
99
43
-28
-84
-98
-70
-14
50
84
60
-7
-81
-127
-121
-73
1
63
76
37
-13
-54
-53
-11
45
98
120
98
39
-42
-114
-143
-125
-73
-14
19
3
-33
-66
-60
-26
23
74
105
106
75
27
-21
-48
-48
-32
-4
1
-14
-58
-97
-116
-116
-83
-41
-2
33
53
60
54
45
44
51
65
71
53
16
-37
-89
-122
-137
-120
-92
-57
-27
-12
-13
-18
-8
20
57
99
128
137
102
56
3
-49
-77
-87
-91
-95
-106
-123
-137
-131
-92
-28
45
118
166
175
143
97
44
5
-19
-35
-51
-71
-104
-133
-152
-143
-92
-29
35
85
100
90
72
45
34
28
30
24
1
-37
-82
-122
-142
-116
-64
-15
24
41
34
25
25
32
37
46
48
25
-18
-79
-120
-140
-123
-74
-8
45
67
66
51
36
38
49
54
47
14
-34
-84
-123
-136
-121
-74
-10
45
63
45
20
5
7
32
56
67
46
8
-42
-86
-105
-94
-65
-25
3
6
-14
-40
-52
-36
3
53
79
71
33
-17
-57
-66
-50
-23
12
39
37
10
-25
-41
-34
-8
22
34
20
-31
-98
-134
-123
-73
-5
62
101
110
88
53
32
19
24
32
21
-25
-94
-163
-200
-190
-137
-63
9
57
70
62
55
57
79
110
138
133
79
2
-86
-156
-185
-172
-137
-103
-84
-79
-74
-51
1
83
169
224
234
202
126
45
-34
-91
-113
-116
-131
-161
-192
-206
-178
-112
-18
70
140
169
152
122
88
69
70
72
54
6
-69
-140
-198
-210
-187
-137
-79
-39
-17
0
19
54
113
172
203
187
139
58
-27
-95
-129
-126
-108
-105
-118
-131
-132
-102
-41
38
104
137
131
93
47
13
2
18
36
37
6
-52
-117
-156
-143
-93
-36
10
24
-1
-31
-45
-30
14
70
113
124
89
17
-57
-94
-80
-29
22
43
24
-31
-85
-103
-81
-30
23
47
32
-9
-56
-82
-68
-13
61
117
129
94
25
-38
-70
-60
-30
-7
-10
-51
-110
-144
-143
-109
-41
31
85
99
80
38
13
23
59
95
106
73
6
-69
-127
-155
-139
-101
-76
-66
-69
-80
-67
-24
47
131
199
216
178
103
25
-28
-49
-64
-80
-105
-147
-189
-212
-188
-126
-38
47
116
148
141
114
92
95
112
110
85
21
-72
-157
-211
-228
-196
-142
-90
-55
-30
-13
22
72
141
212
248
227
152
47
-58
-133
-162
-163
-150
-147
-151
-151
-137
-93
-20
73
156
210
210
160
86
22
-14
-26
-32
-53
-93
-143
-177
-192
-164
-105
-27
46
99
120
104
87
80
84
94
90
55
-8
-87
-147
-174
-165
-129
-84
-43
-4
19
39
59
78
102
116
112
68
9
-47
-92
-106
-105
-93
-82
-64
-52
-43
-22
1
26
50
59
59
44
28
13
-1
-8
-17
-32
-53
-70
-75
-61
-38
-11
9
15
17
16
25
31
39
44
43
15
-32
-77
-98
-93
-57
-17
22
27
11
-12
-19
-12
10
39
50
36
4
-44
-80
-95
-79
-29
14
42
35
-7
-44
-59
-36
7
43
63
58
26
-17
-52
-64
-44
-10
14
22
2
-42
-79
-87
-46
11
60
80
69
35
-4
-34
-45
-30
-1
14
12
-22
-65
-94
-92
-57
0
40
57
39
8
-21
-31
-18
4
29
37
28
2
-34
-63
-73
-59
-31
-4
0
-11
-26
-34
-27
-1
34
61
64
50
22
-11
-39
-50
-46
-33
-24
-17
-27
-37
-39
-27
-12
9
26
36
26
1
-20
-32
-35
-31
-17
-6
4
-4
-15
-15
-9
-8
-6
-1
1
-1
-9
-23
-33
-39
-34
-22
-12
-11
-7
-7
-9
-1
15
20
31
38
38
23
2
-25
-53
-64
-63
-57
-53
-51
-44
-33
-18
6
33
49
62
63
52
31
0
-26
-43
-54
-58
-56
-59
-60
-53
-45
-26
0
22
41
46
50
49
39
19
9
0
-7
-18
-33
-49
-59
-63
-58
-49
-33
-20
-3
11
26
35
37
29
23
14
-2
-16
-26
-38
-40
-45
-48
-40
-29
-18
-11
4
6
5
-4
-14
-25
-27
-16
-2
3
7
8
6
2
1
6
16
19
16
-1
-22
-42
-50
-46
-42
-30
-18
-11
-11
-13
-14
-5
20
37
51
45
25
8
-17
-33
-36
-41
-47
-51
-59
-67
-67
-55
-38
-4
35
64
68
59
34
11
-6
-11
-10
-13
-31
-47
-65
-73
-61
-38
-5
27
39
43
33
12
-5
-12
-6
5
4
-9
-29
-40
-43
-39
-28
-15
-2
0
1
-5
-8
-7
-3
-1
0
2
-6
-20
-33
-33
-24
-18
-12
-7
-11
-7
3
15
24
22
13
-8
-21
-40
-39
-31
-24
-13
-10
-11
-16
-10
0
12
22
31
24
7
-23
-48
-53
-41
-19
0
9
-3
-26
-37
-34
-24
-2
17
18
9
-12
-35
-46
-39
-12
14
25
24
10
-13
-31
-30
-12
8
25
22
5
-22
-39
-44
-34
-12
6
8
2
-21
-40
-44
-19
18
51
61
46
11
-30
-60
-61
-46
-35
-22
-23
-39
-53
-52
-43
-8
37
66
71
49
14
-19
-37
-35
-18
-3
4
-14
-41
-62
-65
-47
-15
16
34
35
23
-1
-18
-10
17
42
49
40
4
-38
-67
-73
-63
-36
-16
-12
-22
-30
-36
-31
-11
15
38
48
43
23
-4
-21
-25
-20
-11
-4
-19
-42
-63
-78
-72
-53
-27
-5
11
23
29
37
50
62
71
66
48
16
-32
-73
-92
-107
-104
-95
-79
-60
-35
-8
25
48
77
90
92
82
50
16
-15
-42
-63
-83
-99
-100
-97
-79
-51
-26
-1
20
33
41
52
61
62
59
41
17
-10
-39
-66
-70
-58
-39
-23
-12
-13
-19
-15
-1
20
34
33
19
-11
-38
-50
-52
-39
-11
21
39
34
23
2
-17
-16
0
5
-11
-40
-71
-101
-113
-94
-53
-7
44
73
78
53
27
16
25
50
62
45
4
-48
-98
-124
-123
-89
-42
-10
0
-8
-24
-28
-10
27
77
115
125
87
29
-32
-74
-81
-64
-46
-39
-52
-72
-99
-109
-79
-24
36
84
103
80
37
-4
-19
-6
26
43
43
7
-53
-95
-116
-100
-59
-22
2
9
-1
-19
-28
-15
23
69
100
97
62
1
-55
-84
-74
-51
-33
-16
-24
-42
-65
-65
-43
-3
47
79
74
46
0
-37
-57
-43
-16
7
22
11
-27
-62
-76
-62
-27
9
38
48
28
7
-13
-15
-6
20
39
36
7
-37
-77
-93
-83
-53
-16
7
21
21
13
-1
3
17
39
49
46
18
-28
-72
-94
-92
-64
-36
-8
-4
-17
-40
-43
-30
2
45
74
88
74
42
2
-27
-34
-29
-26
-25
-34
-60
-79
-90
-78
-44
0
43
71
75
54
28
9
-1
0
5
2
-16
-39
-62
-73
-72
-57
-30
-4
11
9
-1
-14
-26
-24
-1
23
37
31
18
-3
-23
-31
-25
-12
6
9
2
-16
-33
-46
-45
-25
-5
8
10
1
-22
-31
-33
-25
-5
23
38
41
29
9
-17
-27
-20
-12
-6
-13
-30
-57
-72
-76
-62
-34
-3
20
28
31
24
14
6
0
9
30
41
32
2
-31
-51
-62
-60
-48
-33
-30
-35
-45
-48
-41
-9
27
57
85
96
72
37
0
-25
-32
-40
-42
-52
-65
-84
-94
-83
-60
-22
26
57
69
67
46
20
7
5
14
14
1
-23
-58
-87
-97
-82
-57
-32
1
24
32
25
17
28
45
51
43
22
-6
-47
-80
-92
-79
-48
-13
8
15
15
19
19
25
36
43
29
-1
-37
-81
-102
-96
-68
-32
-3
14
15
9
7
13
32
47
57
41
-2
-49
-88
-103
-84
-52
-19
9
16
6
-14
-16
8
38
66
81
64
29
-28
-80
-97
-82
-59
-28
0
-2
-21
-37
-29
9
49
77
95
78
29
-31
-85
-117
-116
-81
-48
-19
-10
-26
-35
-23
18
67
105
127
104
51
-13
-71
-106
-109
-91
-60
-39
-37
-51
-63
-61
-26
31
87
125
132
104
57
9
-21
-37
-45
-48
-52
-73
-99
-125
-134
-113
-59
7
66
100
104
91
59
37
24
16
11
-3
-25
-58
-88
-111
-123
-112
-74
-22
18
40
47
41
34
33
36
42
52
54
39
13
-17
-56
-84
-98
-88
-59
-33
-19
-18
-25
-35
-30
-6
29
60
77
77
52
6
-41
-65
-56
-34
-3
12
8
-30
-64
-86
-85
-53
-6
37
55
43
10
-24
-40
-22
16
61
86
74
32
-21
-68
-92
-82
-43
-6
11
-2
-36
-75
-92
-71
-15
47
79
84
53
9
-24
-34
-20
14
44
43
12
-44
-100
-129
-120
-79
-30
13
35
16
-16
-24
-1
37
73
91
90
61
14
-36
-69
-77
-66
-42
-23
-21
-44
-63
-73
-58
-23
17
51
60
57
43
31
21
23
19
17
11
-6
-36
-71
-91
-98
-91
-72
-50
-41
-32
-14
17
38
47
55
60
62
62
56
39
15
-13
-46
-64
-79
-94
-102
-98
-82
-59
-37
-22
-6
18
55
100
127
126
105
65
16
-31
-60
-78
-87
-100
-113
-123
-124
-112
-81
-25
39
94
126
128
99
69
46
29
20
5
-25
-63
-103
-129
-149
-136
-98
-47
7
51
65
62
56
57
69
85
86
57
8
-53
-103
-128
-129
-107
-74
-42
-19
1
16
28
44
68
84
81
53
10
-35
-74
-94
-93
-79
-64
-50
-36
-29
-13
16
43
67
77
72
47
25
0
-30
-46
-54
-62
-67
-71
-73
-57
-37
-8
24
51
67
68
66
52
38
23
4
-24
-56
-83
-102
-105
-92
-71
-43
-16
1
12
14
37
53
65
69
63
34
-4
-35
-62
-68
-60
-48
-39
-38
-48
-55
-43
-16
13
38
46
54
45
29
11
3
6
14
19
9
-22
-61
-92
-99
-79
-43
-15
1
1
-10
-15
-9
7
34
59
70
60
34
-6
-46
-66
-56
-39
-19
-20
-49
-80
-101
-85
-43
5
52
77
81
71
41
20
17
18
23
27
3
-45
-100
-134
-135
-97
-47
1
24
26
20
21
25
39
56
73
75
56
13
-37
-91
-112
-96
-64
-38
-35
-47
-64
-66
-42
2
50
90
106
90
57
14
-18
-34
-35
-28
-25
-29
-60
-93
-107
-87
-46
12
57
77
71
51
28
18
16
13
8
3
-16
-47
-79
-99
-100
-71
-33
-6
11
18
20
16
18
33
49
52
34
4
-30
-62
-76
-83
-72
-52
-31
-19
-9
1
15
37
59
61
56
36
8
-20
-38
-51
-57
-53
-56
-55
-47
-42
-22
2
29
49
55
49
32
6
-7
-10
-13
-14
-21
-39
-63
-81
-80
-54
-24
6
23
25
18
10
14
13
15
26
30
14
-11
-35
-60
-68
-50
-28
-4
5
5
-10
-26
-24
-7
11
23
30
20
-5
-26
-36
-30
-22
-3
17
18
2
-24
-44
-50
-36
-19
-4
-5
-13
-22
-30
-30
-20
-3
19
29
26
16
2
-10
-16
-9
0
7
4
-11
-32
-45
-52
-48
-37
-20
-4
4
13
16
8
9
19
32
38
33
20
-3
-29
-43
-51
-56
-57
-55
-50
-44
-41
-36
-30
-22
-3
19
43
60
67
61
51
28
7
-6
-16
-34
-50
-69
-90
-110
-116
-103
-63
-15
31
63
82
90
87
82
79
73
65
38
-8
-60
-118
-159
-175
-159
-120
-76
-39
-14
4
24
49
91
127
154
160
132
72
1
-76
-125
-147
-142
-128
-124
-124
-123
-106
-63
2
79
138
171
180
154
109
61
19
-8
-29
-53
-85
-129
-174
-187
-162
-115
-52
13
53
76
79
79
80
91
103
101
78
38
-20
-83
-128
-140
-134
-107
-81
-69
-63
-63
-41
-2
41
76
108
116
98
71
37
11
-10
-15
-15
-26
-54
-88
-106
-111
-104
-73
-33
-7
7
7
14
31
47
70
86
87
73
47
10
-31
-60
-80
-85
-82
-80
-89
-96
-95
-79
-40
3
48
84
90
86
74
56
43
38
32
16
-7
-51
-91
-121
-134
-121
-85
-52
-20
2
18
34
50
70
88
108
106
78
28
-22
-75
-107
-112
-99
-82
-64
-56
-49
-47
-28
0
40
77
96
88
55
13
-35
-59
-60
-49
-29
-21
-31
-47
-52
-43
-26
1
39
60
65
41
10
-21
-46
-45
-30
-11
-1
-13
-26
-41
-40
-24
9
36
48
53
43
7
-39
-67
-71
-53
-37
-30
-28
-35
-42
-34
-5
26
51
62
58
41
12
-17
-45
-56
-50
-39
-25
-21
-37
-49
-43
-23
3
31
43
42
32
23
14
-1
-11
-15
-11
-11
-15
-32
-54
-65
-64
-46
-25
-9
6
14
22
27
33
32
21
17
10
-1
-14
-33
-56
-76
-75
-60
-46
-33
-26
-15
6
27
39
40
38
48
54
44
20
-9
-42
-65
-73
-71
-65
-62
-57
-47
-29
0
28
46
64
77
77
59
30
-2
-31
-57
-61
-67
-75
-77
-81
-78
-54
-20
19
50
65
64
53
35
15
4
-3
-5
-12
-25
-46
-70
-76
-68
-41
-5
23
30
22
8
-1
-7
-5
10
21
22
0
-34
-59
-68
-50
-16
16
34
35
16
-4
-16
-19
-4
13
11
-7
-45
-82
-102
-95
-61
-17
29
54
56
38
21
14
28
45
54
39
0
-45
-92
-124
-128
-94
-49
-9
-1
-5
-7
3
25
58
98
122
110
72
16
-37
-70
-86
-84
-77
-80
-93
-111
-117
-96
-45
19
81
123
134
108
75
47
26
23
18
-2
-46
-90
-134
-164
-151
-111
-58
-9
25
38
37
36
48
70
95
111
101
63
6
-54
-89
-104
-103
-92
-77
-69
-74
-77
-64
-28
23
73
113
123
104
60
18
-9
-20
-23
-32
-49
-78
-100
-107
-98
-73
-37
2
36
55
55
44
35
31
27
32
34
18
-12
-43
-69
-78
-72
-60
-38
-15
-5
0
9
18
23
32
40
37
17
-1
-29
-46
-52
-54
-49
-40
-29
-20
0
12
17
19
21
21
17
6
-11
-29
-45
-55
-47
-38
-43
-42
-24
0
27
43
38
29
22
18
19
16
1
-10
-29
-43
-58
-74
-81
-69
-43
-10
12
20
20
17
22
34
46
48
29
7
-22
-51
-73
-79
-77
-63
-43
-20
-11
-7
-4
2
20
43
54
56
40
18
-4
-18
-24
-29
-22
-26
-29
-35
-43
-55
-56
-38
-15
11
34
35
26
14
3
7
21
20
19
10
-24
-45
-57
-68
-70
-52
-36
-16
-11
-17
-23
-17
-1
26
49
58
46
27
13
-3
-14
-20
-29
-41
-55
-66
-71
-72
-57
-36
-7
25
48
59
59
48
45
49
36
16
-16
-44
-71
-91
-94
-87
-67
-40
-17
9
20
22
29
36
46
51
46
26
-6
-38
-56
-71
-75
-62
-53
-43
-34
-28
-13
6
35
62
75
75
45
10
-22
-51
-57
-55
-52
-41
-42
-46
-51
-34
-3
38
69
82
78
53
9
-32
-57
-64
-64
-56
-53
-58
-67
-69
-49
-5
36
75
92
88
65
29
-7
-31
-43
-43
-40
-47
-69
-91
-98
-80
-40
5
48
80
84
75
54
32
12
10
12
2
-31
-67
-97
-122
-117
-86
-46
5
43
55
46
39
30
28
29
32
26
3
-37
-64
-81
-87
-76
-49
-13
8
15
11
4
6
13
27
42
47
30
1
-25
-44
-45
-39
-25
-22
-19
-24
-33
-31
-16
-9
14
36
34
26
12
-11
-26
-29
-21
-17
-23
-26
-34
-42
-49
-38
-18
-1
15
22
15
4
-3
-10
-5
9
18
11
-4
-27
-36
-42
-41
-26
-11
-5
-7
-6
-11
-10
-5
16
35
43
39
19
-13
-42
-60
-56
-38
-29
-19
-24
-31
-35
-29
-9
16
37
52
44
26
-2
-29
-44
-39
-31
-25
-24
-31
-46
-51
-41
-19
11
36
51
54
33
11
-1
-10
-10
-11
-9
-17
-37
-58
-72
-70
-53
-17
14
31
41
34
23
15
15
14
13
8
-12
-37
-58
-71
-70
-55
-40
-18
-6
-6
-1
0
2
15
31
44
34
13
-8
-27
-22
-9
-4
-12
-24
-46
-67
-68
-51
-27
2
28
34
25
8
-1
3
25
41
47
33
3
-38
-67
-75
-65
-41
-11
-2
-12
-36
-59
-65
-43
-2
52
80
75
35
-6
-30
-38
-17
11
29
21
-11
-57
-94
-104
-88
-44
11
48
54
29
-9
-36
-37
0
48
75
74
41
-9
-62
-77
-73
-43
-3
20
14
-21
-68
-93
-92
-54
4
55
75
62
31
6
-14
-17
0
32
41
26
-10
-61
-101
-118
-96
-51
-7
18
19
9
-7
-14
-1
33
62
85
79
55
13
-40
-73
-82
-62
-38
-24
-28
-47
-65
-71
-59
-25
24
63
88
84
54
15
-23
-36
-27
-6
1
-10
-30
-61
-85
-87
-65
-34
-1
23
32
25
4
-11
-10
10
37
57
57
31
-11
-50
-74
-68
-54
-34
-16
-6
-13
-29
-35
-32
-13
20
51
69
59
26
-12
-40
-47
-36
-29
-17
-17
-29
-46
-59
-59
-45
-14
28
53
62
47
18
-15
-33
-26
-9
-1
-9
-26
-41
-55
-62
-55
-28
11
42
51
47
32
11
-9
-13
-9
-5
-11
-25
-38
-52
-59
-53
-34
-8
21
41
39
30
12
-6
-19
-18
-14
-17
-22
-38
-45
-46
-43
-33
-18
4
23
34
34
21
10
-3
-15
-16
-17
-21
-25
-29
-28
-38
-45
-35
-14
0
19
28
33
30
16
2
-8
-17
-14
-14
-15
-22
-39
-54
-55
-42
-18
-2
13
20
10
-5
-15
-14
-5
4
11
13
13
0
-14
-23
-25
-17
-9
-10
-17
-32
-41
-47
-37
-16
2
18
28
31
25
16
15
18
16
12
-3
-32
-58
-73
-78
-71
-51
-37
-23
-14
2
15
31
46
56
59
49
28
-3
-34
-60
-71
-66
-62
-57
-61
-63
-44
-20
6
45
72
88
81
58
25
-4
-21
-34
-41
-51
-64
-75
-82
-76
-42
-1
40
68
70
56
37
18
1
-10
-15
-21
-42
-66
-88
-95
-81
-47
-1
33
49
49
36
24
22
22
19
11
-7
-36
-66
-95
-105
-83
-48
-9
22
35
31
27
38
56
64
62
41
9
-28
-68
-90
-94
-76
-55
-37
-28
-27
-28
-21
4
43
68
75
56
26
-12
-30
-30
-22
-12
-10
-24
-47
-74
-84
-74
-45
-5
26
30
18
0
-19
-9
24
60
80
69
33
-9
-45
-61
-52
-29
-10
-7
-28
-69
-100
-108
-79
-24
35
74
79
55
19
4
5
29
53
64
43
-12
-73
-126
-153
-137
-94
-43
-9
0
-11
-17
-10
32
87
130
145
118
69
7
-49
-82
-81
-68
-61
-63
-79
-105
-115
-99
-53
16
79
120
122
97
64
33
16
11
14
2
-18
-63
-112
-140
-149
-131
-79
-23
23
45
50
46
41
39
51
65
62
41
9
-35
-70
-94
-95
-75
-44
-19
0
-1
-10
-10
-12
5
26
37
42
27
2
-22
-33
-34
-29
-11
9
7
0
-21
-37
-47
-38
-20
-6
6
7
-3
-24
-39
-33
-15
8
28
35
24
4
-21
-38
-32
-21
-9
-5
-14
-28
-40
-44
-30
-5
30
53
53
30
3
-22
-41
-41
-35
-22
-19
-25
-39
-49
-47
-23
9
44
65
65
45
14
-10
-28
-39
-43
-44
-54
-61
-72
-78
-62
-31
6
41
65
73
66
50
26
11
7
2
-16
-35
-57
-79
-88
-83
-67
-41
-12
7
20
29
40
46
47
48
41
27
7
-20
-39
-51
-56
-50
-46
-41
-44
-44
-42
-24
-2
12
22
16
4
-4
-7
0
15
22
17
9
-4
-20
-31
-29
-20
-13
-16
-21
-34
-51
-50
-41
-17
4
24
29
21
9
-4
-2
20
42
47
30
12
-17
-39
-56
-55
-47
-40
-36
-47
-68
-74
-66
-38
10
47
73
77
65
44
27
23
21
19
11
-16
-55
-96
-127
-130
-101
-68
-27
3
14
18
29
43
61
92
109
102
73
17
-33
-70
-91
-93
-88
-84
-84
-85
-90
-75
-44
13
66
100
114
95
62
33
16
3
-6
-16
-41
-76
-108
-120
-112
-89
-45
4
37
52
42
31
34
47
66
77
60
23
-15
-55
-79
-95
-86
-69
-48
-31
-26
-28
-23
-8
23
57
76
69
41
6
-28
-42
-47
-50
-42
-39
-37
-43
-48
-50
-35
0
37
62
71
53
21
0
-7
-8
-7
-8
-27
-51
-70
-83
-77
-58
-21
15
35
41
42
34
27
25
32
33
25
-2
-40
-74
-91
-90
-77
-60
-39
-31
-19
-2
11
34
49
72
84
68
40
8
-27
-47
-56
-57
-66
-78
-83
-81
-76
-51
-15
27
52
74
77
70
57
42
34
28
12
-15
-45
-88
-117
-119
-105
-75
-41
-13
10
16
30
42
60
77
79
70
52
15
-24
-62
-84
-82
-76
-73
-71
-71
-67
-56
-32
6
44
74
90
84
62
41
26
16
-2
-12
-29
-60
-89
-108
-114
-97
-65
-22
16
40
50
54
51
51
54
59
49
23
-7
-49
-81
-97
-99
-88
-68
-47
-31
-25
-13
8
33
56
72
74
59
36
11
-19
-45
-60
-66
-65
-64
-54
-43
-32
-15
5
28
45
53
52
40
20
3
-21
-43
-50
-52
-51
-43
-31
-16
-11
-5
7
19
25
33
31
16
-8
-28
-48
-63
-62
-47
-30
-18
-13
-6
-4
0
12
33
45
47
37
11
-22
-49
-61
-70
-61
-42
-23
-22
-23
-20
-14
5
38
61
73
62
32
1
-31
-47
-56
-55
-46
-42
-43
-53
-55
-46
-21
21
51
66
62
38
12
-13
-25
-21
-16
-12
-16
-30
-56
-70
-63
-42
-9
22
37
38
20
-3
-12
-6
8
19
17
4
-18
-39
-50
-50
-34
-8
18
19
7
-5
-19
-20
-12
-6
-7
-13
-25
-32
-35
-34
-14
4
11
18
21
17
13
3
-1
-2
-9
-17
-36
-54
-64
-67
-47
-31
-12
2
6
9
21
33
46
52
51
32
6
-21
-41
-55
-57
-52
-51
-58
-58
-57
-45
-18
16
52
78
83
69
42
14
-2
-15
-28
-37
-60
-79
-95
-98
-84
-55
-10
32
57
65
59
46
39
33
32
27
5
-32
-66
-89
-102
-97
-67
-28
2
22
30
31
29
32
49
62
55
25
-16
-59
-93
-102
-97
-77
-49
-32
-17
-7
1
18
52
80
88
77
46
5
-39
-74
-93
-91
-73
-60
-54
-43
-29
-9
23
50
70
89
86
61
26
-14
-39
-56
-64
-62
-64
-70
-73
-66
-44
-8
26
48
65
65
62
47
26
7
-13
-32
-58
-81
-93
-96
-81
-55
-20
4
26
41
43
48
52
49
45
25
-5
-42
-78
-91
-89
-73
-51
-24
-2
5
13
28
45
59
70
67
44
6
-34
-71
-97
-91
-70
-53
-36
-32
-30
-21
-4
23
58
88
93
73
38
-4
-37
-59
-69
-67
-65
-71
-81
-86
-83
-54
-6
42
81
104
98
79
48
24
16
13
-9
-40
-69
-102
-127
-132
-103
-62
-24
8
42
63
70
68
75
85
81
65
31
-19
-71
-112
-137
-129
-111
-98
-77
-57
-31
-2
41
85
120
138
134
106
62
8
-35
-71
-97
-108
-121
-129
-134
-123
-83
-28
38
78
111
129
125
101
75
54
31
6
-26
-70
-114
-150
-160
-143
-109
-63
-27
9
30
48
69
88
97
97
81
56
16
-30
-73
-99
-105
-90
-72
-69
-63
-57
-45
-19
20
56
79
81
67
46
20
0
-12
-7
-1
-7
-22
-49
-69
-71
-56
-31
-7
0
-8
-22
-30
-23
-3
14
28
37
37
25
0
-25
-30
-14
10
11
-2
-31
-67
-80
-75
-55
-30
-14
2
0
-6
-8
-1
21
50
77
82
59
17
-30
-53
-54
-34
-25
-30
-55
-81
-86
-76
-47
-8
29
53
66
51
27
10
11
29
39
39
16
-27
-78
-102
-103
-82
-49
-29
-23
-31
-27
-21
-4
34
67
89
100
74
25
-18
-40
-43
-35
-28
-34
-60
-89
-104
-90
-51
-2
50
75
74
55
28
11
13
28
40
39
9
-47
-102
-131
-122
-81
-33
4
15
0
-17
-18
-4
31
71
97
89
44
-17
-69
-94
-85
-53
-16
2
-20
-54
-83
-82
-41
26
86
116
106
65
12
-37
-50
-29
2
21
10
-41
-93
-132
-139
-98
-26
39
74
75
43
8
-13
0
42
76
86
59
-9
-89
-143
-158
-127
-73
-15
15
11
-13
-34
-22
27
87
139
156
118
48
-19
-75
-102
-89
-63
-51
-56
-74
-103
-114
-90
-33
38
100
133
127
91
48
17
9
8
-1
-22
-55
-98
-138
-161
-149
-112
-51
6
46
70
70
66
69
77
93
87
55
11
-37
-78
-107
-120
-120
-102
-80
-58
-27
-4
16
40
65
89
91
81
56
22
-2
-28
-45
-64
-73
-76
-73
-67
-53
-38
-21
0
20
33
40
34
27
21
11
-6
-18
-33
-44
-42
-32
-21
-11
-1
5
3
-2
0
-4
-8
-9
-7
-9
-16
-30
-35
-31
-24
-5
19
25
24
18
11
8
6
1
1
-8
-22
-38
-50
-65
-71
-58
-40
-20
1
13
20
24
19
18
21
23
22
14
4
-16
-44
-61
-67
-59
-39
-24
-16
-12
-14
-9
8
21
28
38
46
41
21
-4
-33
-47
-44
-31
-17
-15
-26
-33
-40
-48
-36
-14
5
30
39
36
15
-12
-33
-27
-12
2
5
-5
-29
-48
-56
-52
-28
3
25
30
25
12
-12
-31
-33
-14
3
13
5
-12
-35
-47
-39
-10
14
36
42
28
8
-18
-38
-37
-20
2
7
-7
-31
-54
-67
-56
-30
5
23
26
17
2
-6
-7
-2
14
28
22
5
-27
-58
-74
-67
-44
-14
0
-1
-9
-16
-15
5
33
52
58
49
22
-12
-49
-57
-45
-23
-10
-20
-38
-55
-64
-49
-17
24
52
61
49
22
1
-13
-15
-10
0
-4
-23
-60
-89
-96
-80
-43
6
37
54
45
26
13
9
23
31
23
6
-22
-60
-94
-102
-80
-42
-4
23
31
21
14
7
20
36
53
51
25
-13
-55
-76
-79
-71
-48
-28
-17
-17
-23
-18
-9
12
43
63
64
33
1
-26
-42
-36
-27
-16
-12
-18
-31
-46
-45
-32
-7
16
23
17
0
-11
-17
-19
-7
13
27
29
16
-9
-28
-30
-24
-21
-19
-26
-43
-60
-67
-59
-37
-8
23
38
44
41
31
20
23
24
17
-1
-28
-58
-80
-84
-67
-45
-28
-15
-3
10
14
14
21
35
47
46
30
5
-21
-38
-44
-29
-13
-14
-22
-32
-38
-41
-32
-12
-1
8
-1
-18
-23
-28
-26
-5
21
40
47
32
10
-7
-10
-7
-9
-20
-40
-70
-99
-108
-101
-75
-31
16
54
68
69
69
75
81
87
79
44
-11
-72
-115
-140
-150
-127
-96
-67
-40
-18
10
45
82
120
143
145
114
59
1
-52
-87
-112
-119
-121
-125
-130
-119
-96
-54
4
71
118
140
137
115
79
43
14
-12
-38
-69
-104
-127
-141
-140
-105
-53
-2
41
69
79
74
69
67
64
57
40
4
-43
-89
-110
-111
-93
-70
-41
-14
1
3
7
23
42
52
57
50
24
-8
-40
-65
-65
-55
-43
-34
-23
-18
-11
-1
7
23
42
47
36
14
-15
-38
-47
-45
-35
-36
-31
-19
-17
-13
0
15
34
46
41
24
3
-17
-39
-54
-54
-47
-48
-44
-47
-43
-36
-11
22
44
55
56
38
16
0
-13
-18
-23
-26
-44
-60
-78
-82
-65
-29
5
39
59
67
61
42
22
11
7
6
-7
-31
-59
-91
-105
-94
-72
-29
17
38
51
41
31
18
15
27
29
22
1
-34
-70
-96
-99
-76
-39
0
27
33
22
9
2
12
34
51
51
24
-13
-60
-95
-104
-77
-35
0
22
21
9
0
-5
4
32
59
68
44
-2
-59
-89
-96
-79
-44
-12
3
-1
-18
-38
-29
-3
34
62
70
54
16
-26
-55
-64
-50
-18
1
3
-9
-41
-63
-65
-46
-5
30
54
52
27
0
-25
-25
-2
25
36
27
-5
-43
-69
-76
-58
-29
-3
12
7
-9
-27
-35
-22
9
46
61
53
25
-13
-40
-52
-48
-32
-11
-11
-22
-46
-68
-67
-48
-11
30
52
52
34
13
-1
-8
-5
4
10
4
-15
-36
-55
-61
-48
-28
-1
23
18
1
-18
-25
-28
-18
-3
2
7
2
-11
-17
-15
-13
-1
13
21
18
3
-23
-39
-52
-47
-44
-36
-27
-13
-5
-3
1
10
24
35
48
47
31
13
-8
-23
-40
-52
-59
-64
-63
-61
-44
-22
-7
7
22
36
46
52
45
32
10
-10
-34
-54
-66
-66
-56
-43
-32
-19
-16
-9
-2
11
31
45
41
25
0
-21
-34
-43
-42
-24
-10
-6
-8
-14
-23
-28
-11
13
31
35
23
-5
-36
-54
-48
-35
-12
4
8
4
-10
-22
-23
-13
12
32
35
17
-16
-49
-65
-65
-39
-10
3
7
-1
-17
-29
-26
-4
22
42
48
29
-8
-43
-63
-60
-32
-6
18
21
5
-22
-36
-28
-7
25
42
42
20
-16
-53
-66
-57
-36
-5
19
11
-13
-30
-39
-25
6
34
48
41
15
-23
-48
-62
-59
-38
-21
-20
-18
-30
-42
-38
-14
29
58
70
64
43
8
-20
-29
-30
-31
-34
-37
-52
-69
-72
-61
-39
0
36
57
60
50
36
25
20
15
7
-10
-33
-54
-72
-79
-82
-64
-36
-15
-1
5
7
16
31
45
52
49
27
2
-24
-45
-55
-52
-43
-40
-41
-36
-30
-20
-9
7
26
37
38
22
10
-7
-15
-16
-9
-8
-12
-21
-35
-38
-35
-21
-11
-2
0
-4
-12
-19
-20
-14
-6
3
2
-1
-12
-16
-17
-14
0
10
7
-6
-19
-31
-30
-26
-20
-3
5
1
-13
-23
-26
-17
1
19
33
35
20
0
-23
-34
-34
-28
-16
-11
-17
-29
-38
-41
-33
-11
12
30
33
21
0
-19
-24
-22
-19
-3
4
-8
-24
-37
-45
-37
-25
1
24
25
16
0
-20
-33
-29
-12
2
10
6
-7
-21
-31
-28
-10
9
23
26
14
-10
-28
-43
-45
-32
-13
-9
-7
-15
-26
-33
-24
1
20
37
44
38
14
-14
-39
-46
-40
-29
-22
-26
-34
-54
-57
-40
-13
16
46
62
59
37
12
-7
-15
-14
-13
-14
-26
-43
-60
-73
-66
-43
-12
14
32
29
21
15
13
15
21
23
23
5
-20
-45
-68
-71
-57
-41
-23
-11
-12
-18
-17
-8
10
26
40
49
45
18
-6
-29
-44
-42
-31
-20
-15
-24
-37
-39
-39
-33
-15
8
31
34
36
20
3
-3
2
6
5
0
-16
-41
-65
-72
-64
-46
-29
-9
5
9
6
4
2
8
26
35
27
10
-13
-34
-53
-58
-45
-28
-13
-4
-9
-15
-22
