# 2019-09-17 13:40:53.559685
# resolution = 3
# velocity = 3
# LP filter = 5
# HP filter = 2
# gain = 1

# direction: 0
-67
-51
-26
12
41
54
46
33
19
14
10
21
17
-5
-38
-70
-100
-110
-99
-69
-36
1
22
25
23
27
46
74
92
92
73
30
-29
-80
-107
-109
-97
-76
-62
-54
-56
-53
-35
7
63
113
134
122
86
36
-3
-27
-31
-26
-37
-63
-97
-129
-152
-139
-93
-36
21
68
84
73
64
62
73
89
89
69
24
-48
-113
-150
-150
-125
-88
-55
-36
-30
-29
-17
22
63
110
136
129
97
37
-20
-54
-63
-57
-47
-54
-78
-101
-110
-99
-64
-13
41
82
94
74
41
21
11
13
24
18
-7
-48
-88
-110
-108
-77
-27
10
35
38
18
1
-5
3
26
39
39
12
-25
-55
-68
-56
-29
1
25
27
19
4
-14
-21
-10
12
23
13
-14
-40
-68
-80
-67
-41
-7
16
18
11
4
12
29
44
49
41
18
-17
-55
-81
-96
-97
-78
-51
-33
-19
-3
16
40
62
78
85
75
46
19
-12
-44
-71
-84
-83
-77
-67
-56
-47
-31
-5
30
56
66
55
46
38
25
10
-9
-27
-47
-56
-59
-59
-63
-68
-59
-37
-4
21
32
38
35
36
32
26
15
-1
-12
-16
-26
-42
-60
-71
-65
-41
-14
6
15
15
8
3
9
8
14
23
28
22
6
-22
-50
-64
-59
-42
-22
-16
-25
-34
-35
-27
-7
23
48
64
64
45
2
-35
-54
-62
-49
-26
-17
-22
-34
-51
-43
-17
19
51
66
64
41
8
-32
-50
-54
-38
-14
0
-3
-20
-45
-47
-24
9
39
48
39
19
-16
-47
-67
-68
-55
-29
-12
-8
-19
-30
-34
-14
22
60
87
90
57
15
-33
-67
-80
-79
-70
-63
-60
-65
-67
-51
-13
35
84
120
126
108
74
32
-4
-28
-48
-58
-71
-89
-111
-126
-124
-94
-46
8
51
76
83
75
65
62
55
47
34
18
-10
-53
-97
-121
-129
-112
-82
-55
-36
-22
-11
-2
26
62
92
106
103
81
47
6
-28
-43
-44
-41
-49
-67
-87
-103
-103
-83
-44
-2
25
39
43
37
40
50
69
80
79
66
27
-27
-79
-108
-117
-110
-92
-83
-86
-95
-83
-47
5
63
112
135
135
112
80
44
21
14
-2
-25
-58
-110
-159
-184
-175
-128
-65
-8
41
62
74
84
98
123
140
142
117
57
-15
-98
-161
-184
-175
-155
-127
-99
-82
-72
-39
17
86
146
180
183
152
101
39
-15
-55
-80
-91
-100
-116
-137
-150
-141
-106
-48
20
75
113
120
115
102
81
57
45
34
4
-32
-77
-119
-143
-143
-118
-82
-43
-5
19
30
44
45
50
61
59
50
40
17
-10
-43
-60
-66
-61
-52
-48
-42
-37
-33
-28
-22
-9
7
30
50
55
51
36
17
2
-13
-12
-14
-20
-23
-41
-53
-58
-55
-40
-23
-5
10
22
13
-4
-13
-7
3
15
22
21
2
-21
-35
-38
-38
-28
-18
-11
-12
-19
-30
-35
-30
-7
20
31
34
21
-3
-26
-27
-16
-3
9
22
15
-2
-16
-29
-30
-24
-7
1
-8
-31
-52
-56
-46
-23
2
30
39
34
23
10
-2
-5
2
3
-4
-22
-42
-67
-83
-73
-47
-20
3
22
21
15
14
23
34
37
38
33
9
-23
-47
-58
-65
-61
-55
-47
-32
-23
-13
2
31
51
71
62
38
16
-14
-34
-44
-50
-58
-66
-77
-78
-62
-36
-2
35
58
65
63
42
18
1
-5
-3
-13
-22
-51
-80
-95
-83
-52
-18
19
39
45
38
31
24
25
36
46
44
23
-22
-80
-118
-124
-102
-53
-10
3
3
-6
-9
9
39
62
79
81
56
14
-38
-83
-102
-88
-63
-38
-28
-40
-60
-65
-43
5
54
90
102
86
54
26
-6
-30
-22
-13
-13
-26
-66
-110
-132
-113
-64
0
53
69
64
44
31
28
33
43
49
43
17
-38
-96
-124
-122
-91
-51
-7
7
1
-13
-23
-11
24
58
71
66
46
14
-21
-43
-49
-40
-27
-12
-14
-41
-73
-82
-64
-32
5
39
52
42
27
19
15
16
28
33
22
3
-31
-66
-81
-76
-62
-46
-32
-27
-36
-35
-25
-1
29
56
73
73
57
32
9
-13
-29
-38
-42
-57
-75
-89
-90
-75
-44
1
31
44
56
63
66
65
53
34
9
-20
-48
-77
-90
-93
-83
-67
-50
-29
-14
5
33
58
75
79
68
39
8
-23
-46
-62
-70
-71
-70
-70
-68
-62
-38
-1
41
80
92
84
58
26
6
-14
-30
-44
-64
-83
-98
-106
-97
-58
-5
54
97
110
101
69
41
23
16
9
-9
-42
-90
-134
-153
-146
-114
-63
-7
45
73
78
70
67
74
85
92
76
25
-34
-93
-143
-154
-147
-117
-79
-51
-28
-11
16
42
72
108
132
136
113
64
-1
-50
-72
-88
-97
-98
-102
-99
-88
-66
-43
-19
12
41
64
77
78
68
52
35
29
10
-19
-43
-64
-73
-75
-72
-72
-78
-76
-62
-23
12
45
60
62
52
46
38
35
30
30
22
4
-25
-64
-97
-102
-82
-45
-16
1
-9
-34
-50
-31
-1
44
85
103
93
56
-1
-49
-66
-58
-30
-9
-13
-42
-84
-116
-118
-77
-12
47
78
80
53
16
-17
-23
2
40
69
60
19
-39
-95
-112
-95
-49
0
26
12
-20
-53
-67
-46
2
58
106
109
69
14
-41
-68
-60
-27
11
26
12
-28
-75
-94
-92
-58
-17
20
30
23
-5
-34
-38
-19
21
60
81
73
45
-3
-44
-65
-62
-45
-33
-25
-32
-45
-59
-66
-47
-16
23
60
78
78
63
33
9
-1
-9
-5
0
-6
-36
-70
-102
-122
-119
-91
-57
-20
21
50
62
59
51
55
63
74
71
59
19
-45
-112
-153
-157
-129
-82
-42
-8
10
13
22
31
49
83
117
124
108
55
-23
-90
-117
-116
-94
-66
-45
-46
-64
-71
-68
-29
26
85
130
135
104
42
-22
-63
-77
-61
-43
-42
-60
-81
-91
-90
-62
2
68
106
119
98
48
-8
-48
-58
-41
-22
-13
-28
-59
-76
-78
-56
-6
45
84
97
71
27
-18
-44
-44
-26
-5
-5
-32
-62
-80
-84
-71
-28
21
57
68
53
30
8
-6
-8
-6
-4
-16
-44
-72
-92
-88
-57
-14
27
61
68
58
39
16
7
6
2
-12
-34
-63
-81
-87
-64
-28
9
45
57
50
34
17
-1
-7
-7
-4
-18
-51
-73
-86
-86
-72
-40
2
34
43
34
25
21
21
31
40
36
18
-8
-54
-94
-104
-96
-76
-45
-16
1
5
9
22
45
70
88
89
64
24
-13
-53
-76
-85
-74
-57
-44
-37
-36
-43
-38
-23
0
32
50
55
40
18
-3
-13
-9
0
5
8
-4
-32
-62
-75
-78
-71
-33
1
21
23
17
6
-1
5
19
35
37
22
4
-16
-32
-49
-52
-33
-8
9
8
-6
-29
-47
-45
-31
-10
8
15
9
-5
-21
-25
-11
3
21
31
25
10
-22
-45
-50
-37
-13
4
5
-2
-24
-53
-63
-61
-39
-9
23
34
36
29
18
11
19
38
52
42
16
-30
-77
-108
-112
-91
-56
-22
-2
9
8
5
6
16
46
68
79
56
16
-32
-65
-79
-67
-39
-23
-20
-29
-49
-62
-62
-37
10
52
76
74
48
19
-6
-17
-15
-3
2
-9
-33
-63
-88
-90
-69
-22
31
57
57
36
5
-16
-21
-8
9
20
15
-5
-44
-76
-81
-59
-25
10
32
28
5
-26
-43
-30
7
43
64
63
27
-18
-67
-86
-73
-46
-15
0
-2
-24
-47
-51
-22
28
85
111
90
57
2
-48
-68
-60
-33
-18
-15
-34
-69
-96
-101
-69
-13
44
76
77
47
9
-18
-7
18
48
62
44
-5
-71
-118
-132
-113
-75
-33
4
6
-13
-33
-26
13
70
117
135
103
49
-7
-57
-75
-66
-49
-32
-34
-53
-82
-103
-100
-63
-5
57
93
95
69
31
13
8
19
35
33
0
-49
-91
-117
-123
-102
-62
-14
24
35
31
19
13
24
43
50
41
17
-14
-46
-62
-60
-42
-15
10
24
20
10
-10
-20
-22
-23
-26
-24
-33
-52
-54
-44
-16
11
36
49
54
51
42
24
9
-5
-22
-44
-66
-82
-93
-97
-89
-65
-32
-2
19
41
62
83
95
91
78
48
16
-24
-58
-83
-96
-100
-103
-99
-77
-52
-22
21
62
92
96
90
67
32
8
-10
-16
-32
-46
-69
-87
-93
-84
-60
-25
7
24
20
9
-2
-8
5
31
50
52
36
2
-31
-58
-62
-46
-27
-10
-12
-29
-46
-50
-37
-8
27
59
67
55
22
-13
-29
-26
-11
2
7
-7
-40
-63
-75
-68
-45
-11
18
24
8
-13
-23
-16
13
44
59
52
19
-28
-61
-73
-65
-45
-24
-9
-15
-31
-32
-31
-9
31
63
73
54
18
-22
-48
-47
-30
-17
2
0
-21
-44
-47
-36
-8
10
29
29
13
-17
-40
-40
-26
-4
23
29
11
-22
-42
-49
-36
-14
9
20
10
-6
-25
-35
-29
-18
-4
6
9
-6
-28
-41
-33
-10
13
35
41
30
11
-14
-19
-23
-20
-18
-22
-30
-36
-34
-28
-18
-2
13
22
22
12
-3
-7
-15
-22
-21
-21
-29
-41
-33
-22
-10
3
4
5
-1
-7
-11
-7
-1
1
-5
-9
-25
-37
-36
-27
-14
5
19
18
6
-1
-2
8
21
30
20
1
-26
-62
-84
-81
-65
-43
-12
7
10
11
12
22
39
57
60
38
6
-30
-62
-87
-94
-78
-49
-34
-15
-11
-7
0
13
39
52
59
54
29
1
-17
-34
-35
-33
-33
-29
-36
-41
-43
-41
-25
-10
10
29
35
25
11
-4
-5
-8
-3
-9
-20
-29
-36
-40
-35
-21
-3
8
11
2
-4
-16
-23
-29
-35
-34
-21
-16
-1
9
15
18
28
33
32
19
6
-10
-28
-42
-57
-61
-62
-60
-44
-20
0
15
25
26
30
29
38
39
32
13
0
-18
-43
-64
-75
-78
-63
-51
-41
-33
-21
-9
9
36
56
70
71
57
32
3
-24
-51
-65
-69
-63
-59
-57
-54
-43
-23
7
36
54
57
53
33
17
0
-18
-25
-27
-26
-26
-30
-34
-42
-40
-29
-18
-2
7
12
12
6
-4
-15
-15
-4
3
2
-7
-22
-29
-32
-29
-23
-1
19
34
30
10
-17
-32
-42
-38
-24
-15
-11
-18
-25
-28
-22
-3
29
57
68
55
20
-23
-55
-68
-53
-29
-14
-12
-28
-50
-63
-52
-20
18
47
56
42
12
-26
-47
-37
-11
31
47
36
-11
-68
-99
-94
-53
-11
22
31
23
0
-21
-25
-3
38
70
78
49
-6
-63
-102
-100
-57
-4
28
26
-2
-35
-54
-46
-16
21
57
74
42
-9
-58
-79
-61
-19
22
37
19
-27
-68
-84
-67
-30
20
50
62
50
14
-19
-30
-18
-3
13
9
-18
-60
-87
-81
-50
-6
36
60
62
48
29
12
-3
-8
-12
-20
-32
-56
-76
-82
-63
-33
-9
9
15
20
26
30
38
46
41
24
-1
-30
-53
-67
-70
-67
-64
-65
-69
-64
-40
9
64
104
122
115
87
46
10
-17
-39
-56
-77
-112
-138
-155
-148
-106
-29
55
117
146
133
99
66
50
48
45
22
-30
-98
-166
-205
-202
-162
-96
-23
39
64
59
57
75
114
162
187
161
92
-10
-111
-184
-213
-204
-164
-118
-91
-80
-67
-34
40
134
216
258
242
168
68
-24
-85
-121
-130
-131
-142
-161
-190
-191
-152
-72
26
119
177
184
151
109
78
68
72
62
17
-53
-130
-201
-233
-220
-162
-86
-18
24
37
46
62
99
152
194
198
151
61
-37
-114
-155
-154
-131
-102
-91
-94
-98
-97
-66
-3
77
138
156
127
69
15
-13
-2
28
39
22
-33
-96
-149
-176
-157
-94
-22
30
48
32
-1
-19
5
58
111
136
114
43
-43
-101
-116
-90
-37
20
31
10
-34
-83
-94
-68
-14
44
67
46
-8
-59
-68
-38
23
85
108
96
42
-24
-79
-97
-74
-39
-9
-10
-42
-89
-120
-111
-67
6
72
100
91
59
23
19
37
70
90
82
38
-28
-106
-160
-171
-154
-103
-64
-50
-48
-43
-7
48
114
177
201
177
115
42
-33
-88
-109
-111
-113
-123
-149
-175
-173
-132
-60
34
105
146
152
130
101
89
90
92
83
46
-26
-118
-195
-231
-224
-176
-107
-51
-16
1
23
58
117
177
219
228
182
92
-13
-107
-166
-178
-158
-128
-113
-124
-139
-130
-83
0
94
163
191
177
126
65
12
-14
-17
-11
-15
-53
-114
-171
-202
-185
-119
-32
48
94
104
88
65
54
59
75
86
73
23
-49
-117
-162
-158
-104
-33
30
50
37
2
-25
-32
-13
20
46
40
17
-17
-50
-72
-58
-23
29
70
73
39
-18
-66
-82
-69
-29
-4
5
-15
-44
-61
-67
-50
-8
43
83
95
73
30
-8
-23
-11
15
30
9
-41
-90
-127
-136
-106
-54
-1
47
79
80
63
42
23
19
33
32
10
-40
-101
-148
-150
-117
-58
4
55
78
74
59
37
22
18
19
23
2
-38
-85
-121
-123
-97
-42
16
53
68
61
47
36
34
44
56
57
30
-17
-79
-133
-169
-164
-122
-70
-17
19
33
38
51
80
111
136
140
107
51
-34
-110
-163
-184
-168
-131
-89
-54
-31
-14
3
31
68
109
143
148
121
69
5
-46
-80
-87
-76
-66
-64
-66
-79
-93
-99
-77
-29
24
78
107
107
85
52
27
16
11
10
5
-19
-53
-87
-117
-134
-126
-85
-25
30
51
42
16
-6
-17
7
48
80
101
88
50
-8
-71
-108
-107
-66
-17
8
-11
-55
-97
-112
-80
-11
67
126
144
112
50
-23
-76
-82
-46
9
41
33
-23
-97
-142
-132
-72
12
78
99
70
9
-57
-90
-75
-20
48
101
103
52
-28
-96
-118
-83
-14
50
70
44
-16
-80
-111
-91
-38
34
85
93
52
-10
-72
-87
-55
5
71
96
71
10
-58
-102
-102
-68
-21
12
22
-5
-41
-59
-58
-18
34
81
104
92
44
-15
-68
-82
-69
-49
-36
-27
-33
-45
-46
-39
-11
23
54
71
66
41
14
-8
-26
-29
-22
-21
-26
-44
-56
-62
-62
-51
-31
-11
7
31
47
49
44
33
19
6
-10
-20
-30
-44
-58
-63
-63
-63
-51
-24
5
33
49
53
42
25
12
0
-3
-3
-9
-17
-26
-47
-52
-47
-34
-20
0
9
9
-1
-17
-21
-10
6
19
26
24
8
-12
-34
-38
-36
-23
-17
-23
-31
-39
-39
-22
-8
4
18
26
26
16
4
-8
-15
-16
-12
-4
-5
-12
-25
-33
-36
-30
-23
-15
-14
-10
1
13
29
37
41
38
25
7
-16
-40
-55
-70
-77
-83
-78
-60
-35
-7
24
56
77
79
69
48
32
6
-20
-49
-78
-100
-110
-106
-83
-49
-15
20
45
64
68
66
65
59
48
36
5
-34
-72
-93
-102
-86
-56
-39
-24
-10
-3
13
30
51
71
72
53
22
-26
-70
-98
-101
-81
-44
-22
-12
-7
-4
8
31
58
80
73
42
-10
-72
-115
-123
-97
-58
-20
8
19
15
15
27
52
76
88
82
43
-17
-83
-119
-119
-81
-42
-11
1
-8
-23
-27
-14
20
50
79
84
56
6
-37
-64
-70
-48
-16
0
-17
-45
-73
-81
-61
-21
22
56
70
60
22
-12
-33
-38
-19
-2
6
-1
-17
-39
-44
-32
-7
22
32
27
6
-22
-46
-54
-45
-24
0
22
23
13
3
-16
-20
-17
-15
-8
-15
-25
-32
-36
-29
-12
7
21
31
30
17
-2
-27
-41
-45
-43
-30
-23
-12
-1
-2
2
7
8
9
10
14
18
14
-4
-18
-32
-20
-17
-20
-18
-20
-30
-39
-54
-57
-44
-24
3
33
47
52
44
33
19
11
3
-9
-22
-40
-59
-78
-91
-81
-58
-25
7
27
34
27
16
9
10
20
31
41
48
33
7
-25
-52
-57
-57
-53
-53
-61
-68
-71
-58
-28
9
50
89
111
108
81
34
-15
-55
-70
-63
-53
-54
-64
-70
-68
-58
-36
-12
15
42
54
53
35
9
-9
-11
3
24
36
23
-8
-50
-87
-102
-90
-62
-20
24
47
49
36
18
10
13
28
25
15
-18
-67
-98
-110
-92
-44
11
60
85
83
49
6
-29
-34
-34
-23
-13
-30
-57
-84
-91
-68
-17
36
69
77
54
17
-15
-29
-20
8
41
56
36
-13
-69
-107
-112
-88
-52
-19
-3
-1
0
3
25
58
88
111
105
64
-3
-75
-132
-149
-130
-84
-37
-14
-1
-2
4
18
35
52
67
61
30
-12
-50
-71
-64
-35
2
31
23
-2
-30
-55
-65
-57
-30
4
23
33
24
15
7
3
5
20
16
-4
-35
-66
-77
-69
-36
1
37
53
50
35
8
-22
-48
-54
-57
-52
-39
-33
-25
-14
14
39
54
55
45
21
-9
-43
-69
-75
-60
-38
-17
5
18
16
6
-2
-10
-7
-10
-13
-20
-19
-14
-3
9
26
30
32
27
7
-26
-64
-87
-89
-79
-47
-12
15
37
49
44
33
17
0
-17
-30
-37
-48
-51
-46
-21
6
32
45
47
30
-3
-34
-59
-78
-79
-59
-31
2
30
42
47
50
48
44
32
5
-39
-68
-84
-86
-75
-44
-18
6
21
19
9
-12
-18
-19
-8
7
21
18
20
21
23
19
19
4
-28
-68
-100
-117
-115
-91
-51
6
60
98
112
96
67
39
11
-17
-47
-72
-88
-94
-83
-59
-23
10
35
48
39
15
-12
-33
-44
-37
-17
-1
16
25
28
30
24
9
-10
-31
-56
-74
-85
-81
-61
-31
6
43
68
80
69
41
15
-10
-28
-45
-57
-57
-45
-23
-2
21
27
23
4
-15
-41
-60
-70
-70
-50
-13
18
43
55
58
46
28
10
-17
-56
-82
-90
-87
-68
-25
14
41
59
66
61
37
3
-34
-61
-77
-79
-71
-50
-22
10
46
64
74
65
36
7
-21
-53
-75
-85
-71
-53
-28
-1
16
31
32
18
8
-12
-31
-41
-39
-15
13
37
52
41
20
0
-33
-62
-78
-96
-107
-95
-64
-23
30
85
129
153
151
112
45
-28
-94
-133
-145
-140
-126
-104
-74
-33
14
58
87
96
90
67
32
-2
-28
-32
-23
-8
13
15
-11
-54
-84
-98
-103
-92
-68
-47
-21
10
50
94
118
134
135
106
54
-22
-107
-160
-177
-158
-112
-56
-13
18
34
52
66
77
72
50
18
-19
-51
-69
-66
-41
3
40
56
44
3
-50
-83
-89
-79
-62
-41
-24
-7
22
44
66
80
72
51
13
-34
-85
-112
-114
-86
-38
10
39
39
33
17
0
-14
-20
-22
-30
-40
-46
-38
-12
27
67
99
102
71
18
-45
-91
-110
-105
-90
-60
-34
-13
13
30
38
54
67
64
40
0
-52
-94
-95
-65
-18
19
43
41
6
-38
-73
-90
-75
-53
-19
9
26
23
27
40
61
86
90
65
13
-63
-128
-160
-145
-101
-36
23
53
58
42
19
5
12
33
41
38
11
-31
-65
-74
-54
-16
23
37
24
-17
-75
-120
-122
-93
-29
39
83
103
87
52
20
2
3
12
3
-30
-71
-113
-131
-112
-59
12
72
102
91
42
-18
-61
-63
-26
22
55
56
24
-13
-49
-68
-62
-41
-14
-8
-22
-53
-80
-80
-44
19
86
121
108
53
-15
-66
-93
-88
-54
-17
-5
-15
-31
-40
-31
-3
44
82
96
72
16
-47
-79
-76
-42
4
49
55
18
-36
-79
-100
-87
-46
2
41
47
36
19
12
15
35
46
31
-6
-74
-141
-176
-169
-104
-21
58
114
123
103
64
19
-9
-6
3
3
-13
-49
-90
-103
-83
-33
18
48
43
15
-26
-59
-78
-55
-1
60
103
117
83
28
-28
-64
-70
-66
-68
-80
-109
-122
-113
-62
15
96
159
176
146
72
-15
-86
-125
-120
-79
-39
-7
8
1
-7
-2
13
23
20
-6
-50
-85
-100
-81
-22
62
145
184
167
99
-4
-97
-157
-175
-152
-116
-85
-59
-29
12
59
111
159
175
150
83
-17
-121
-190
-191
-140
-59
20
58
56
26
-15
-45
-61
-71
-68
-54
-47
-35
-7
40
105
175
218
209
127
-4
-151
-262
-302
-270
-190
-81
25
105
150
169
169
158
132
88
24
-62
-146
-206
-215
-161
-63
49
128
143
92
10
-76
-143
-173
-154
-96
-31
36
87
122
143
164
174
151
76
-43
-178
-297
-353
-319
-205
-43
109
227
282
278
217
133
43
-26
-87
-132
-170
-195
-187
-129
-30
79
155
172
123
13
-118
-215
-260
-233
-138
-4
121
202
237
225
176
116
40
-48
-145
-253
-336
-355
-297
-160
23
215
356
418
385
272
123
-34
-162
-232
-248
-226
-180
-124
-53
30
100
152
151
90
-15
-143
-245
-276
-228
-111
44
195
299
349
327
245
115
-21
-170
-299
-399
-446
-419
-307
-125
93
281
401
420
346
214
55
-83
-180
-236
-256
-237
-177
-92
7
114
200
234
196
82
-78
-232
-311
-289
-161
33
216
333
356
287
162
15
-130
-250
-347
-414
-451
-434
-338
-162
91
363
583
671
596
386
101
-164
-331
-384
-338
-246
-134
-39
44
116
186
239
262
228
111
-67
-269
-413
-444
-346
-151
51
214
275
229
109
-31
-155
-233
-270
-264
-220
-143
-23
127
288
448
555
556
417
162
-138
-407
-575
-607
-498
-312
-87
123
270
347
350
292
170
10
-170
-338
-457
-500
-446
-300
-90
144
347
492
569
546
423
225
4
-194
-328
-379
-340
-244
-131
-36
10
6
-43
-110
-143
-119
-70
-5
59
140
258
427
624
776
805
655
287
-233
-787
-1237
-1415
-1248
-777
-177
339
651
747
707
696
774
845
776
492
-56
-756
-1322
-1528
-1321
-734
77
726
862
501
-177
-901
-1260
-1048
-733
-1092
-2208
-3441
-4136
-3851
-2011
1455
4801
5602
3331
251
-187
4537
14375
24320
26392
15435
-5034
-23655
-31599
-28041
-19007
-10535
-4070
1324
6138
9561
10707
9612
7064
3755
313
-2442
-3856
-3681
-2304
-511
1072
2016
2199
1758
998
313
-27
-10
201
362
313
38
-377
-762
-963
-919
-706
-437
-208
-20
192
452
744
981
1075
958
628
146
-398
-887
-1216
-1324
-1190
-866
-464
-71
246
444
536
530
440
292
116
-29
-116
-144
-106
-32
60
123
146
115
17
-132
-287
-407
-468
-452
-355
-193
30
257
440
533
508
384
194
-4
-155
-238
-247
-199
-116
-7
115
243
368
452
456
342
115
-187
-493
-713
-796
-729
-535
-283
-17
205
351
422
428
377
278
139
-15
-170
-294
-341
-272
-98
137
338
443
420
270
61
-132
-263
-303
-263
-175
-69
12
66
106
137
157
153
82
-75
-280
-476
-597
-587
-426
-154
145
400
560
595
521
381
202
28
-115
-241
-334
-389
-394
-324
-166
42
234
350
361
268
106
-66
-203
-264
-255
-185
-78
38
125
171
180
157
98
-4
-126
-244
-330
-351
-278
-120
77
266
391
430
383
266
114
-46
-199
-317
-382
-400
-359
-260
-115
58
220
330
355
299
172
7
-132
-199
-194
-138
-58
31
91
120
137
127
84
14
-85
-198
-302
-356
-336
-240
-70
126
295
393
395
303
154
-2
-136
-231
-275
-288
-272
-219
-138
-35
88
206
283
299
244
127
-20
-154
-219
-203
-121
-8
89
141
137
96
48
-12
-76
-134
-179
-217
-224
-196
-128
-11
130
258
332
325
234
78
-91
-221
-292
-301
-254
-177
-95
-5
71
118
159
190
189
151
77
-22
-106
-165
-165
-98
7
104
152
138
74
-16
-103
-166
-195
-186
-150
-103
-53
1
58
133
202
248
241
172
41
-104
-235
-311
-302
-231
-130
-15
72
119
124
115
94
72
56
30
-7
-57
-95
-98
-62
5
78
126
120
65
-26
-119
-180
-194
-163
-90
-7
67
107
114
104
93
89
83
56
-5
-87
-167
-217
-213
-158
-64
32
102
136
124
80
18
-26
-39
-34
-21
-16
-18
-22
-28
-6
26
54
62
37
-20
-97
-160
-181
-158
-89
7
100
152
153
116
71
26
-2
-15
-33
-61
-93
-120
-126
-98
-47
17
68
102
106
70
9
-51
-73
-57
-14
27
48
29
-10
-50
-69
-68
-53
-33
-22
-30
-48
-62
-59
-27
42
108
151
153
105
23
-60
-117
-131
-107
-67
-39
-24
-22
-19
-11
15
49
76
93
76
24
-44
-103
-112
-77
-22
26
45
33
-10
-61
-82
-75
-43
0
34
48
42
14
-14
-24
-11
17
36
19
-22
-78
-120
-132
-87
-18
51
99
110
86
45
1
-26
-17
3
16
6
-26
-63
-89
-89
-54
-10
35
46
26
-14
-57
-80
-66
-29
30
83
101
84
35
-23
-59
-70
-66
-47
-44
-54
-66
-72
-59
-21
35
88
118
110
72
11
-51
-88
-89
-56
-8
27
24
0
-34
-59
-65
-49
-27
-3
7
-1
-11
-18
-8
21
58
84
85
53
-4
-71
-127
-144
-122
-83
-44
-2
18
24
30
40
52
64
67
54
20
-28
-72
-85
-68
-28
15
46
52
23
-17
-53
-77
-81
-62
-35
-6
15
25
31
46
61
65
58
31
-20
-77
-116
-133
-117
-78
-30
20
50
59
49
26
7
-11
-13
-13
-23
-41
-53
-49
-22
15
48
68
66
41
-5
-55
-90
-108
-94
-68
-38
-4
25
40
48
56
68
73
55
15
-32
-75
-93
-81
-53
-18
13
27
13
-14
-40
-67
-78
-64
-39
-11
12
32
52
68
96
110
100
61
7
-60
-121
-158
-167
-150
-109
-55
1
57
82
89
87
88
83
56
18
-29
-69
-89
-91
-74
-51
-27
-15
-14
-26
-49
-51
-47
-35
-4
38
67
82
80
69
57
43
10
-40
-85
-124
-151
-152
-124
-80
-25
37
93
130
141
127
91
45
-1
-31
-54
-82
-96
-92
-65
-33
-1
18
18
17
9
-6
-22
-34
-38
-36
-20
0
24
41
44
34
22
-4
-42
-71
-90
-91
-77
-49
-14
15
33
38
33
22
8
-14
-38
-58
-63
-57
-40
-11
26
64
92
100
91
58
18
-17
-52
-73
-89
-89
-76
-54
-21
9
39
54
54
45
18
-17
-48
-69
-77
-64
-37
-12
10
17
15
9
-2
-12
-33
-54
-67
-69
-58
-27
9
48
72
81
80
62
22
-11
-42
-53
-58
-56
-54
-47
-26
-4
10
20
24
19
5
-19
-40
-49
-35
-11
17
42
57
44
25
5
-21
-50
-71
-86
-100
-100
-88
-63
-26
25
78
107
120
106
66
21
-27
-67
-86
-84
-77
-66
-51
-31
-10
7
20
28
24
13
2
-10
-23
-19
-4
14
33
46
42
16
-21
-56
-70
-75
-69
-57
-41
-23
-5
13
30
43
51
52
34
4
-29
-59
-72
-70
-52
-21
5
28
34
25
14
-3
-20
-33
-43
-54
-48
-38
-24
-4
19
41
54
61
54
29
-8
-44
-64
-76
-73
-50
-20
-4
9
13
17
13
1
-6
-11
-14
-15
-21
-24
-22
-8
10
27
32
28
8
-21
-47
-75
-78
-67
-40
-6
20
32
32
25
22
22
16
6
-14
-36
-57
-69
-68
-45
-9
35
66
78
50
10
-32
-63
-66
-58
-45
-32
-20
-17
-20
-14
5
23
41
58
51
19
-20
-54
-64
-49
-20
9
23
9
-22
-58
-80
-75
-52
-19
19
35
44
33
21
28
46
62
67
49
2
-64
-125
-163
-157
-114
-53
3
50
64
59
43
30
36
53
63
46
10
-46
-98
-110
-99
-65
-20
18
24
16
-16
-49
-54
-34
7
47
68
59
26
-11
-38
-46
-31
-12
-9
-20
-36
-53
-61
-47
-6
40
78
93
76
28
-29
-72
-94
-84
-62
-40
-20
-15
-11
-4
9
32
54
72
72
50
5
-42
-79
-98
-91
-65
-37
-15
-5
-9
-15
-16
-13
4
31
53
66
62
44
21
-3
-17
-26
-34
-36
-54
-73
-92
-102
-92
-69
-24
32
73
96
100
74
43
17
-2
-18
-29
-41
-43
-58
-71
-80
-78
-61
-28
-2
15
23
16
5
-3
4
18
38
53
52
35
12
-16
-42
-59
-67
-63
-52
-48
-42
-33
-26
-1
22
37
50
53
46
26
6
-15
-31
-36
-36
-23
-14
-16
-25
-29
-28
-24
-24
-19
-15
-5
-1
1
-2
-3
3
11
9
14
6
-7
-25
-36
-47
-45
-34
-14
8
27
28
21
6
-11
-28
-26
-15
-11
-7
-16
-26
-33
-32
-17
0
22
31
31
11
-18
-46
-62
-50
-12
20
32
27
9
-17
-42
-40
-26
-6
1
-7
-29
-58
-70
-63
-24
30
74
90
71
31
-7
-28
-39
-27
-14
-5
-17
-47
-77
-91
-78
-46
4
48
69
62
37
7
-4
6
25
37
27
1
-45
-91
-117
-118
-92
-50
-7
25
35
33
27
29
44
58
55
36
-4
-53
-93
-106
-100
-68
-28
16
43
47
42
38
38
35
34
14
-15
-51
-85
-105
-99
-77
-42
-2
28
45
53
50
46
42
43
35
9
-27
-56
-79
-96
-97
-84
-66
-48
-25
0
16
38
58
73
73
71
55
21
-13
-45
-64
-79
-87
-86
-77
-63
-38
-7
27
52
67
69
63
53
33
3
-20
-35
-49
-64
-71
-65
-55
-38
-11
9
21
20
17
12
9
12
8
-4
-15
-27
-36
-30
-31
-21
-17
-9
-11
-18
-28
-26
-20
-9
7
27
32
20
8
-1
-9
-8
-7
-11
-15
-18
-30
-46
-49
-38
-23
-1
11
15
9
2
-4
-3
5
15
22
14
2
-21
-35
-40
-42
-41
-35
-32
-36
-39
-37
-29
-9
13
37
56
62
59
38
15
-16
-39
-57
-62
-63
-60
-52
-39
-25
-15
-3
11
26
44
61
68
52
16
-19
-44
-55
-56
-45
-32
-26
-34
-49
-56
-56
-38
-4
36
67
78
56
21
-16
-28
-19
1
13
11
-17
-68
-107
-118
-92
-38
27
80
98
76
26
-18
-43
-32
8
42
53
28
-29
-95
-125
-107
-52
22
63
72
35
-27
-79
-96
-68
-6
60
99
90
30
-43
-96
-87
-37
27
67
62
14
-53
-108
-122
-87
-23
35
72
74
34
-30
-75
-74
-28
42
102
112
70
7
-58
-89
-82
-43
-10
4
-5
-40
-84
-115
-111
-58
20
91
135
124
75
11
-25
-35
-28
-8
0
-6
-36
-71
-101
-114
-106
-73
-16
33
48
40
17
2
12
40
63
80
81
61
25
-17
-64
-93
-110
-99
-75
-58
-51
-59
-62
-49
-21
25
78
116
131
114
81
46
7
-32
-41
-39
-51
-63
-82
-114
-147
-147
-116
-67
-1
58
95
111
106
93
82
78
71
54
26
-23
-89
-150
-184
-182
-148
-88
-24
28
53
62
67
71
84
96
93
80
39
-29
-95
-133
-143
-125
-80
-40
-6
6
0
-5
0
19
52
86
87
58
14
-40
-80
-99
-91
-66
-43
-20
-16
-16
-9
-5
24
70
102
108
84
31
-34
-96
-122
-112
-81
-58
-38
-25
-17
-10
6
31
70
104
111
89
30
-33
-85
-108
-97
-65
-38
-25
-30
-45
-55
-47
-22
13
51
72
71
40
-4
-40
-51
-27
9
30
24
-3
-45
-73
-68
-42
-10
23
44
38
9
-38
-70
-73
-44
-5
30
42
28
6
-15
-8
20
60
88
77
29
-39
-111
-153
-167
-146
-94
-39
-7
2
1
8
43
94
147
173
159
105
22
-64
-126
-145
-135
-106
-88
-87
-100
-110
-98
-49
28
109
177
203
178
125
72
25
2
-14
-40
-80
-131
-190
-232
-232
-186
-98
-6
73
120
137
131
123
124
133
123
95
36
-49
-136
-192
-211
-191
-143
-92
-60
-44
-31
-8
27
82
137
177
182
147
85
27
-16
-47
-61
-70
-93
-130
-171
-187
-170
-107
-25
58
111
129
113
90
73
72
77
73
41
-18
-82
-136
-167
-156
-113
-51
-2
15
7
-25
-42
-26
23
83
120
110
65
9
-38
-52
-43
-7
23
22
-10
-66
-110
-123
-98
-39
30
71
62
17
-28
-53
-39
1
46
75
70
31
-19
-58
-62
-30
15
44
34
-12
-85
-139
-163
-130
-61
4
49
60
42
26
28
45
79
108
112
81
16
-63
-123
-140
-114
-71
-37
-34
-59
-82
-82
-51
3
72
128
149
137
98
55
24
6
-1
-9
-41
-96
-170
-220
-226
-184
-100
-18
47
85
99
100
112
127
143
149
124
61
-19
-114
-180
-201
-182
-141
-99
-79
-76
-64
-32
27
97
166
208
207
160
93
26
-30
-62
-80
-97
-124
-160
-205
-223
-188
-107
3
104
165
186
170
135
99
77
62
38
2
-61
-137
-205
-240
-218
-152
-65
9
56
70
75
78
89
111
130
126
95
35
-38
-106
-147
-155
-128
-98
-75
-63
-56
-43
-10
37
97
145
153
128
84
27
-24
-66
-93
-97
-98
-99
-106
-103
-80
-39
6
53
81
90
77
60
44
20
-1
-23
-38
-54
-65
-71
-70
-58
-33
-11
2
8
9
8
21
40
52
45
24
-3
-32
-49
-49
-42
-32
-29
-28
-36
-45
-42
-25
10
51
76
70
32
-15
-53
-68
-54
-30
-9
-8
-20
-36
-52
-46
-20
24
67
89
66
14
-39
-70
-64
-32
5
28
20
-7
-45
-68
-64
-37
2
40
59
41
7
-26
-44
-27
9
40
47
19
-26
-74
-101
-98
-67
-22
15
38
28
3
-22
-22
-2
33
57
60
21
-23
-61
-80
-71
-44
-13
7
10
-7
-29
-37
-36
-17
18
43
51
44
16
-11
-17
-17
-7
5
-2
-22
-44
-60
-71
-50
-30
-6
21
36
34
15
1
-6
-13
-10
-2
-6
-18
-32
-39
-40
-33
-10
7
18
23
17
1
-18
-30
-34
-33
-24
-11
-4
-9
-11
-12
-4
5
15
25
26
26
10
-11
-19
-25
-26
-28
-36
-34
-37
-45
-52
-49
-34
-10
18
43
59
53
39
30
19
4
-14
-36
-53
-68
-82
-82
-83
-63
-31
2
33
52
58
55
46
39
31
23
9
-10
-28
-47
-59
-65
-60
-55
-42
-25
-19
-8
1
8
17
26
29
30
26
13
0
-12
-29
-43
-51
-51
-46
-41
-32
-16
-3
6
11
16
14
6
7
2
-10
-15
-18
-23
-26
-16
-4
10
23
20
9
-3
-14
-26
-30
-32
-26
-23
-26
-34
-33
-24
-7
17
35
43
40
30
13
-9
-31
-35
-32
-29
-35
-47
-58
-65
-58
-39
-11
18
33
37
34
31
25
19
24
29
18
-7
-37
-68
-85
-88
-68
-41
-16
5
15
20
22
25
32
35
34
19
7
-17
-43
-62
-66
-51
-33
-10
-4
-4
-9
-6
-3
6
7
6
7
-2
-19
-25
-27
-23
-15
-6
-3
-7
-9
-11
-6
0
6
9
5
-5
-12
-12
-10
-10
-14
-22
-30
-41
-37
-20
-2
14
25
28
19
4
-11
-24
-26
-18
-10
-18
-30
-49
-50
-39
-21
4
27
32
21
1
-23
-33
-29
-17
4
13
9
-3
-28
-37
-24
0
26
32
24
2
-34
-52
-48
-27
-1
11
12
1
-15
-32
-32
-17
9
28
27
20
2
-17
-31
-31
-15
-2
-4
-16
-40
-66
-70
-53
-25
13
41
47
35
14
1
-5
1
11
16
3
-25
-60
-85
-85
-58
-25
13
32
27
14
2
1
7
19
37
37
25
-5
-35
-53
-56
-44
-20
-9
-13
-33
-45
-49
-45
-19
15
43
48
43
21
0
-13
-15
-8
-2
-6
-19
-40
-62
-74
-66
-46
-14
7
15
13
11
18
26
35
50
56
45
25
1
-25
-47
-56
-65
-75
-81
-82
-73
-61
-40
0
38
64
84
94
83
67
41
6
-24
-52
-81
-99
-114
-113
-102
-77
-43
-11
23
46
61
74
81
75
60
35
8
-17
-45
-62
-62
-55
-47
-43
-40
-40
-32
-18
6
34
48
45
27
1
-17
-22
-18
-14
-8
-7
-16
-25
-27
-17
-5
13
29
31
10
-30
-71
-90
-87
-61
-31
-9
9
15
9
16
32
55
73
85
70
31
-28
-82
-115
-117
-91
-57
-33
-24
-36
-38
-28
4
46
88
106
97
63
22
-15
-41
-42
-26
-20
-26
-51
-90
-120
-127
-96
-38
25
69
78
59
36
19
16
37
58
58
38
-1
-54
-98
-119
-106
-62
-19
7
9
-12
-32
-37
-17
24
63
82
74
49
7
-37
-55
-45
-22
0
-3
-35
-72
-99
-99
-69
-12
33
63
64
40
16
-6
-19
-10
6
22
19
-15
-55
-86
-87
-59
-11
30
44
39
20
-8
-24
-14
1
19
35
32
7
-25
-58
-68
-52
-33
-12
2
1
-17
-35
-32
-13
13
51
69
57
32
-9
-45
-60
-64
-57
-37
-33
-32
-50
-57
-49
-23
15
54
73
74
57
27
-2
-25
-22
-15
-7
-12
-31
-56
-72
-85
-80
-45
-8
17
30
28
28
23
22
34
45
53
45
16
-31
-71
-95
-96
-80
-47
-22
-11
-7
-3
-6
-9
2
24
32
39
32
5
-22
-36
-35
-20
-4
12
16
3
-18
-33
-46
-43
-30
-4
10
9
-4
-18
-29
-25
-8
15
27
24
14
0
-20
-25
-17
-7
3
6
2
-12
-38
-58
-73
-65
-46
-15
6
13
5
-1
-1
13
28
39
44
42
21
-9
-38
-57
-70
-57
-41
-23
-14
-22
-30
-34
-33
-15
16
41
52
55
46
33
16
5
-1
-3
-9
-26
-51
-78
-103
-108
-89
-55
-15
14
38
44
45
37
41
41
44
36
16
-13
-49
-78
-93
-86
-65
-33
-12
0
1
7
12
28
46
58
61
49
21
-13
-45
-61
-59
-53
-40
-31
-29
-36
-36
-14
15
40
54
54
38
8
-23
-53
-67
-64
-50
-43
-45
-45
-36
-24
0
36
66
79
66
39
-3
-43
-67
-69
-53
-38
-30
-32
-34
-36
-25
4
40
72
82
67
34
-6
-45
-58
-51
-33
-18
-20
-33
-50
-64
-59
-27
21
65
81
72
36
-4
-40
-56
-43
-27
-22
-31
-54
-80
-90
-72
-21
34
85
110
111
75
21
-18
-40
-47
-39
-33
-46
-80
-110
-118
-93
-47
22
77
112
121
96
51
19
2
-1
-1
-2
-29
-72
-116
-137
-137
-113
-67
-14
36
65
70
63
51
44
57
65
63
46
4
-52
-98
-123
-129
-110
-82
-51
-15
8
23
28
31
44
60
77
83
73
45
6
-34
-64
-75
-77
-67
-51
-48
-42
-35
-39
-46
-35
-7
29
58
68
64
38
8
-18
-27
-22
-7
-3
-12
-32
-59
-83
-92
-73
-39
4
38
51
38
7
-17
-20
-3
29
57
64
45
4
-39
-65
-62
-39
-10
11
9
-21
-58
-90
-87
-52
-4
46
74
68
34
-2
-29
-27
0
29
45
31
-11
-69
-103
-110
-90
-44
-4
21
12
-10
-40
-47
-24
24
72
108
102
64
15
-27
-45
-44
-36
-26
-27
-42
-63
-84
-93
-71
-25
21
59
70
62
40
17
12
13
23
25
11
-12
-37
-60
-78
-87
-83
-68
-50
-36
-31
-23
-13
6
31
54
68
71
63
51
40
20
-4
-28
-52
-70
-78
-77
-74
-70
-66
-58
-39
-16
16
41
66
85
93
87
67
38
8
-18
-26
-39
-61
-96
-123
-135
-133
-107
-61
-8
40
75
94
92
82
77
72
66
51
22
-26
-86
-133
-155
-144
-109
-67
-31
-4
13
30
45
64
82
104
107
87
41
-14
-69
-102
-106
-91
-79
-63
-58
-61
-52
-24
16
54
88
96
83
59
26
-20
-50
-65
-70
-68
-72
-74
-74
-59
-32
8
48
74
85
81
58
28
6
-14
-34
-52
-62
-77
-82
-82
-64
-36
-13
19
41
52
59
66
61
47
31
15
-14
-52
-76
-89
-97
-93
-81
-54
-31
-15
8
29
54
72
80
76
52
20
-13
-33
-43
-53
-59
-66
-68
-70
-67
-58
-30
7
43
60
56
38
24
14
13
19
22
13
-3
-29
-56
-71
-77
-66
-43
-26
-14
-12
-15
-24
-17
8
42
65
68
53
18
-15
-35
-41
-31
-17
-16
-30
-47
-69
-85
-77
-46
1
38
56
55
35
14
15
30
42
52
45
16
-30
-70
-102
-111
-95
-59
-27
-8
-2
-9
-13
-5
31
70
96
93
57
15
-31
-61
-69
-72
-67
-55
-53
-61
-67
-70
-48
-7
42
77
86
75
49
22
-1
-4
4
1
-12
-36
-65
-93
-109
-95
-62
-20
29
54
56
39
27
30
41
51
51
35
-4
-47
-84
-103
-102
-83
-52
-25
-4
3
2
4
11
25
48
59
47
23
-3
-34
-51
-65
-61
-52
-46
-43
-41
-33
-15
8
32
55
69
64
43
15
-3
-21
-29
-36
-49
-65
-74
-74
-57
-30
1
27
42
45
43
34
29
19
11
-2
-17
-40
-66
-79
-75
-63
-38
-9
2
10
7
9
11
24
38
43
38
17
-7
-29
-49
-53
-46
-32
-21
-24
-28
-33
-29
-20
0
26
41
42
27
1
-24
-33
-27
-13
-2
2
-9
-29
-39
-43
-37
-21
-8
5
11
-2
-18
-35
-32
-14
3
19
25
23
9
-4
-10
-18
-11
3
8
4
-13
-34
-45
-47
-39
-22
-5
-2
-7
-6
-6
0
5
14
26
32
27
16
3
-12
-30
-44
-49
-46
-43
-46
-51
-51
-43
-34
-16
4
26
41
51
50
41
28
12
-4
-2
-2
-11
-30
-52
-71
-82
-81
-72
-58
-40
-8
21
36
49
57
64
78
94
88
62
20
-27
-78
-110
-134
-137
-120
-96
-75
-57
-44
-19
23
69
119
149
154
129
78
21
-28
-62
-81
-95
-112
-122
-136
-145
-137
-100
-46
27
97
147
158
139
114
95
76
58
23
-20
-74
-130
-171
-196
-184
-144
-85
-29
9
38
59
75
91
115
131
130
101
53
-10
-65
-106
-121
-120
-110
-93
-89
-86
-80
-60
-25
19
68
111
122
106
78
53
32
22
11
-6
-33
-67
-96
-115
-115
-99
-68
-34
-6
9
9
13
27
45
65
85
81
61
31
-3
-29
-46
-53
-54
-61
-73
-87
-96
-100
-84
-54
-17
28
60
70
68
62
61
65
67
59
31
6
-39
-82
-107
-117
-109
-84
-57
-39
-28
-17
-2
23
47
78
101
100
82
53
15
-22
-51
-66
-75
-85
-90
-92
-101
-89
-67
-23
22
67
94
91
76
51
18
-4
-18
-22
-28
-41
-57
-78
-88
-76
-45
-7
34
56
57
37
16
-1
-2
-7
2
5
-2
-22
-47
-61
-60
-41
-12
27
44
41
28
3
-20
-24
-24
-14
-7
-8
-24
-49
-64
-64
-50
-11
26
50
52
37
13
-2
-8
-9
-12
-17
-27
-45
-60
-69
-66
-46
-12
22
43
46
41
28
13
7
7
5
-1
-11
-25
-40
-51
-58
-48
-34
-23
-11
2
4
-1
0
7
24
26
29
27
10
-9
-26
-33
-41
-55
-64
-56
-40
-26
-21
-15
-7
9
31
51
58
49
35
25
9
-9
-30
-55
-67
-67
-60
-56
-57
-49
-34
-12
19
45
57
52
50
44
33
18
2
-20
-43
-58
-74
-91
-96
-83
-60
-24
10
40
46
46
52
53
45
41
32
7
-22
-53
-77
-83
-74
-56
-30
-8
5
10
6
0
13
27
38
40
25
-3
-34
-54
-54
-45
-24
-5
6
3
-8
-26
-29
-18
8
30
32
12
-17
-49
-70
-70
-48
-24
8
21
17
7
-3
2
27
56
72
59
24
-23
-70
-99
-95
-80
-57
-48
-37
-36
-34
-19
16
59
95
110
101
73
33
-11
-46
-53
-55
-55
-68
-90
-117
-129
-107
-67
-10
45
78
89
83
69
57
55
60
58
32
-9
-66
-118
-144
-147
-124
-79
-40
-14
-3
7
25
56
87
117
129
114
69
18
-33
-73
-85
-79
-73
-76
-85
-96
-99
-84
-49
-4
53
86
96
87
64
50
35
24
14
0
-27
-63
-97
-121
-127
-99
-61
-25
7
26
32
36
44
50
59
65
54
32
0
-40
-67
-79
-75
-58
-36
-27
-24
-20
-19
-6
8
26
45
50
39

# direction: 1
-19
-13
0
20
33
41
42
29
15
-10
-32
-49
-48
-41
-34
-35
-45
-49
-46
-32
-4
25
48
65
63
46
29
15
-5
-13
-18
-37
-63
-94
-110
-111
-91
-58
-12
30
55
67
60
51
53
58
61
52
26
-11
-57
-96
-118
-116
-95
-67
-43
-26
-20
-17
-3
27
67
107
123
113
78
30
-10
-46
-67
-71
-77
-83
-105
-122
-128
-105
-55
-1
49
89
105
97
73
53
48
47
37
17
-21
-75
-119
-139
-131
-105
-67
-31
-2
10
9
16
38
65
94
110
99
67
18
-34
-70
-89
-85
-68
-60
-62
-71
-74
-65
-31
22
65
93
90
61
25
-3
-22
-29
-21
-15
-22
-40
-62
-71
-66
-41
-7
25
40
37
15
-9
-22
-22
-9
2
8
4
-13
-33
-45
-41
-21
10
33
43
32
8
-9
-22
-21
-12
-8
-21
-43
-58
-66
-67
-50
-26
9
36
47
54
49
41
29
19
6
-6
-28
-61
-88
-98
-91
-73
-52
-26
3
26
39
54
63
58
53
44
30
8
-16
-41
-62
-69
-65
-60
-51
-51
-39
-20
-4
14
31
43
44
50
47
29
4
-23
-40
-49
-48
-54
-55
-56
-49
-38
-21
-7
8
22
30
36
34
22
10
-1
-14
-20
-16
-11
-16
-28
-39
-50
-48
-40
-26
-11
8
22
27
19
12
8
10
26
28
18
-7
-38
-69
-81
-74
-48
-27
-9
1
7
8
1
7
20
37
49
43
10
-33
-65
-75
-62
-43
-23
-8
-1
0
-3
-7
-5
8
30
41
37
14
-17
-46
-61
-57
-39
-16
8
13
5
-2
-7
-5
8
24
37
29
5
-33
-70
-89
-88
-69
-41
-15
8
12
11
16
34
51
65
73
56
20
-26
-68
-102
-117
-109
-85
-60
-41
-18
-4
13
33
58
84
106
109
88
46
1
-39
-66
-70
-77
-79
-84
-94
-96
-86
-64
-24
16
53
82
85
76
61
47
36
22
12
-6
-39
-77
-103
-115
-113
-92
-64
-35
-12
6
14
24
31
50
76
88
86
67
36
1
-28
-43
-45
-47
-60
-72
-86
-95
-96
-84
-51
-4
31
53
66
69
58
57
64
73
68
47
0
-58
-103
-124
-125
-114
-94
-79
-68
-49
-41
-23
18
68
112
140
140
113
74
34
-1
-20
-39
-63
-96
-136
-167
-173
-152
-102
-37
22
76
112
126
118
110
108
104
87
50
-7
-73
-131
-177
-192
-172
-136
-88
-53
-24
4
34
58
89
123
148
151
119
66
0
-54
-93
-111
-118
-112
-113
-109
-97
-80
-53
-7
49
96
122
130
109
82
44
17
-3
-24
-45
-65
-77
-93
-104
-104
-85
-55
-26
4
25
36
40
27
32
39
39
39
27
9
-12
-36
-49
-60
-65
-57
-48
-35
-24
-21
-21
-15
-3
17
29
38
47
44
25
8
-3
-19
-23
-24
-22
-20
-24
-33
-41
-45
-40
-25
-6
6
16
12
4
-6
-7
-4
5
15
18
4
-16
-33
-44
-47
-36
-15
-5
-1
-4
-17
-27
-30
-24
-11
4
17
18
1
-13
-15
-8
6
24
34
26
6
-22
-40
-47
-45
-31
-22
-21
-28
-33
-31
-30
-14
15
41
51
47
30
5
-15
-14
-19
-22
-29
-36
-51
-63
-66
-60
-38
-9
13
27
34
38
39
35
31
29
19
2
-27
-57
-73
-78
-74
-58
-31
-8
3
9
23
40
56
62
50
29
1
-24
-50
-59
-59
-56
-50
-49
-43
-41
-35
-15
16
49
67
66
43
16
-8
-21
-24
-21
-26
-41
-61
-78
-82
-70
-42
-2
37
64
76
62
35
12
7
13
20
12
-17
-55
-90
-111
-104
-77
-44
-4
27
38
39
31
16
19
41
57
54
32
-11
-60
-87
-96
-81
-60
-46
-35
-31
-25
-25
-16
11
50
81
100
94
60
8
-33
-50
-47
-40
-46
-59
-73
-88
-91
-70
-35
11
57
80
84
59
29
8
3
10
18
14
-11
-45
-80
-98
-95
-72
-40
-10
5
12
5
-6
-5
5
33
60
64
48
14
-20
-42
-51
-39
-30
-26
-29
-42
-51
-53
-43
-24
3
31
47
39
30
15
10
15
27
31
19
-6
-42
-68
-82
-84
-74
-54
-42
-32
-24
-9
8
30
51
73
79
70
44
10
-22
-45
-62
-69
-76
-82
-80
-70
-50
-24
4
29
50
65
70
64
50
38
26
6
-22
-51
-72
-91
-92
-79
-57
-34
-18
1
19
30
49
66
72
66
38
3
-29
-66
-90
-93
-82
-62
-51
-41
-31
-10
20
45
76
92
85
59
22
-27
-68
-79
-75
-67
-63
-60
-64
-58
-41
-2
39
81
108
112
92
61
22
-14
-37
-50
-63
-73
-97
-123
-134
-121
-79
-23
41
85
103
103
91
75
58
42
25
7
-28
-69
-112
-142
-154
-136
-96
-44
-1
30
43
49
63
78
89
94
82
52
19
-16
-48
-74
-95
-91
-85
-81
-67
-53
-45
-24
3
23
42
58
58
59
61
54
38
12
-21
-48
-63
-69
-70
-62
-59
-62
-57
-54
-39
-19
7
40
66
67
50
34
15
4
20
33
33
14
-19
-66
-94
-107
-94
-61
-26
-3
4
-4
-11
-9
6
38
75
98
83
40
-16
-58
-76
-66
-39
-17
-17
-33
-60
-84
-92
-69
-19
30
71
77
53
17
-16
-24
-3
32
53
48
18
-28
-74
-99
-99
-63
-16
16
27
10
-18
-36
-36
-13
30
60
64
50
15
-26
-51
-50
-27
2
22
17
-16
-57
-85
-93
-81
-46
-5
21
31
23
9
1
9
22
41
58
56
31
-7
-43
-71
-77
-66
-51
-30
-29
-29
-30
-35
-29
-19
4
40
66
85
82
62
34
6
-19
-36
-43
-54
-60
-75
-95
-108
-111
-90
-43
14
65
103
106
89
66
41
20
11
4
0
-25
-62
-101
-132
-144
-127
-78
-18
32
55
56
45
39
47
64
86
95
75
24
-36
-100
-141
-145
-119
-75
-36
-3
1
1
-2
12
46
79
104
95
54
-3
-64
-108
-116
-97
-58
-27
-12
-12
-21
-21
-5
23
55
78
73
49
6
-39
-73
-85
-62
-34
-19
-7
-12
-22
-25
-16
9
40
66
75
53
16
-25
-61
-70
-64
-49
-36
-35
-44
-50
-42
-18
13
54
76
77
54
16
-23
-49
-56
-59
-49
-41
-43
-45
-43
-24
2
35
56
62
58
33
-5
-34
-46
-46
-39
-35
-35
-39
-41
-32
-17
2
36
57
59
46
20
-5
-26
-32
-27
-28
-35
-47
-70
-83
-78
-54
-21
19
48
64
63
53
36
27
19
2
-9
-24
-50
-78
-97
-105
-86
-47
-7
28
45
43
35
32
30
31
39
40
26
8
-17
-51
-72
-69
-54
-38
-24
-18
-26
-44
-46
-33
-10
19
41
56
52
36
16
-12
-25
-28
-23
-19
-21
-30
-48
-63
-60
-38
-12
9
27
31
25
9
-8
-20
-15
2
20
28
24
1
-22
-36
-38
-30
-15
-6
-10
-18
-27
-37
-34
-26
-13
7
25
18
8
-14
-27
-30
-18
9
28
29
16
-2
-17
-32
-35
-29
-20
-17
-21
-38
-61
-72
-59
-24
12
48
71
71
50
27
10
0
3
6
2
-16
-48
-73
-94
-90
-70
-34
-2
20
27
18
2
0
10
32
52
58
46
13
-27
-62
-83
-84
-66
-43
-27
-28
-32
-37
-29
-3
26
56
80
75
48
8
-29
-50
-48
-32
-11
-7
-14
-34
-50
-55
-43
-15
22
46
51
32
-1
-25
-30
-24
-4
16
21
2
-34
-69
-90
-77
-44
-4
25
35
32
8
-8
-7
8
30
41
41
15
-38
-86
-110
-96
-57
-10
19
26
11
-6
-14
1
29
59
73
64
32
-9
-55
-74
-65
-41
-17
-10
-31
-61
-84
-91
-66
-16
38
71
81
69
40
10
0
4
26
34
17
-26
-82
-125
-140
-114
-60
-16
16
29
20
5
0
16
56
88
102
85
46
-2
-53
-86
-84
-67
-50
-43
-53
-69
-88
-73
-33
20
67
102
105
77
40
7
-17
-28
-24
-25
-39
-62
-78
-86
-81
-50
-5
30
50
44
24
2
-12
-19
-15
-11
0
1
-5
-9
-14
-14
-3
18
33
30
14
-11
-32
-48
-53
-54
-48
-43
-42
-36
-25
-12
13
33
48
65
67
51
29
9
-10
-33
-57
-83
-100
-112
-109
-86
-55
-26
4
38
58
79
94
100
83
69
38
-2
-48
-77
-95
-105
-94
-74
-55
-38
-24
-10
15
43
61
66
61
49
25
0
-20
-28
-26
-25
-27
-40
-62
-74
-71
-55
-29
2
26
23
17
8
4
8
26
37
33
18
-8
-44
-65
-66
-51
-28
-10
-7
-11
-25
-39
-31
-3
23
42
47
37
20
-5
-19
-17
-6
6
7
-12
-41
-74
-87
-76
-41
-3
26
34
24
13
5
6
15
30
29
17
-8
-46
-81
-84
-64
-30
0
16
16
3
-14
-19
-6
16
36
42
27
0
-28
-43
-44
-22
-3
9
9
-10
-33
-45
-47
-25
1
24
29
17
-10
-34
-39
-29
-10
3
7
-6
-19
-33
-34
-27
-8
17
25
17
-3
-22
-40
-51
-35
-14
-3
3
5
-6
-10
-7
5
20
27
21
6
-11
-25
-40
-42
-29
-21
-13
-9
-15
-11
-2
5
8
10
3
-6
-9
-17
-17
-20
-15
-22
-25
-25
-26
-25
-15
-4
6
16
11
1
-7
-12
-11
-7
-1
-12
-31
-43
-50
-48
-24
5
29
40
44
37
20
9
-1
-6
-12
-18
-31
-57
-78
-82
-68
-43
-14
19
42
53
45
31
20
17
8
7
-1
-21
-44
-63
-78
-77
-58
-30
-13
-2
2
3
7
13
30
43
45
38
23
-3
-31
-43
-46
-44
-35
-30
-29
-27
-25
-18
-4
12
22
30
24
12
-8
-23
-35
-32
-25
-18
-9
-7
-7
-4
1
-2
-1
-7
-17
-24
-30
-41
-44
-41
-24
-13
0
11
23
30
30
31
26
12
-1
-9
-14
-20
-29
-44
-49
-55
-57
-51
-34
-10
5
21
32
41
42
41
35
30
23
4
-20
-45
-68
-89
-95
-89
-68
-42
-22
5
20
33
45
52
51
51
43
24
-1
-34
-59
-68
-65
-54
-45
-34
-17
-12
-11
-9
1
19
25
30
27
22
14
-3
-15
-26
-30
-23
-21
-21
-29
-34
-34
-24
-16
4
21
28
18
-1
-23
-37
-42
-37
-23
-9
3
1
3
2
1
0
10
24
26
7
-18
-45
-67
-69
-53
-24
0
16
21
8
-2
-9
-2
22
37
39
25
-5
-39
-62
-64
-46
-19
-2
1
-12
-36
-58
-59
-42
2
45
68
62
25
-10
-28
-28
-13
6
18
1
-31
-69
-92
-82
-50
-2
47
72
61
24
-17
-38
-30
5
33
43
25
-7
-49
-72
-70
-47
-10
17
26
11
-25
-53
-53
-21
23
58
66
40
-4
-45
-67
-69
-45
-21
-6
-5
-23
-48
-53
-35
2
47
77
74
43
2
-35
-55
-54
-46
-33
-25
-23
-31
-26
-20
0
27
44
57
50
25
-1
-20
-22
-24
-27
-32
-50
-69
-68
-59
-42
-25
-6
13
31
36
48
55
60
63
40
3
-44
-89
-112
-121
-104
-74
-55
-43
-25
1
38
79
119
141
134
100
38
-30
-79
-108
-109
-98
-88
-94
-108
-104
-74
-24
42
100
138
147
129
86
46
13
-4
-17
-34
-71
-131
-187
-217
-200
-143
-58
28
93
126
131
123
121
123
128
117
78
-2
-99
-194
-251
-244
-190
-117
-51
-2
23
39
63
105
150
181
186
159
92
1
-83
-143
-161
-146
-130
-121
-127
-136
-127
-85
-15
68
143
188
190
154
102
58
30
8
-11
-50
-110
-175
-221
-230
-183
-101
-17
55
93
96
90
87
94
111
126
112
70
6
-66
-127
-153
-133
-91
-54
-48
-70
-89
-87
-56
3
78
131
143
123
74
20
-13
-25
-19
-5
-11
-49
-106
-153
-166
-126
-52
24
75
82
48
4
-25
-20
6
48
71
71
38
-13
-62
-74
-48
-1
43
40
7
-49
-99
-122
-91
-36
14
47
47
22
2
-21
-17
11
61
93
81
35
-25
-73
-89
-73
-43
-19
-24
-57
-100
-118
-112
-70
-6
64
106
123
113
83
61
57
60
55
26
-34
-109
-169
-200
-189
-140
-80
-32
14
34
43
56
90
126
156
159
127
59
-16
-79
-117
-120
-110
-106
-114
-134
-153
-145
-105
-32
54
124
175
182
161
127
93
66
43
13
-41
-110
-178
-232
-242
-203
-129
-45
23
71
95
97
99
117
149
166
151
106
18
-77
-149
-184
-176
-139
-106
-87
-81
-84
-71
-37
21
89
158
189
173
120
48
-19
-61
-70
-66
-69
-86
-122
-149
-147
-109
-44
33
95
131
126
88
34
-6
-18
-4
8
20
7
-31
-68
-92
-80
-37
3
36
46
25
-10
-48
-74
-68
-37
6
38
39
11
-19
-38
-29
1
39
61
48
19
-14
-54
-77
-78
-61
-37
-18
-20
-42
-61
-60
-36
18
77
114
121
98
51
-2
-39
-51
-56
-58
-63
-66
-77
-87
-82
-55
-6
60
106
122
102
51
0
-35
-50
-49
-45
-45
-52
-68
-82
-82
-52
-7
38
79
95
76
35
-3
-25
-35
-27
-22
-27
-48
-75
-98
-106
-77
-31
28
81
117
118
97
65
32
16
2
-13
-39
-84
-130
-165
-173
-145
-85
-13
53
98
119
114
93
72
63
56
42
20
-18
-70
-125
-160
-166
-141
-88
-37
-4
10
22
28
38
61
84
99
102
96
64
14
-41
-86
-108
-108
-93
-70
-58
-62
-66
-58
-37
-1
42
78
103
106
84
51
6
-33
-45
-37
-19
-3
-15
-49
-86
-113
-112
-82
-44
1
37
54
45
20
-5
0
31
73
107
99
51
-25
-103
-135
-137
-98
-40
1
21
13
-19
-48
-53
-24
32
91
119
99
28
-45
-95
-95
-50
10
52
48
11
-48
-107
-127
-98
-41
34
81
83
35
-33
-75
-73
-28
38
86
87
44
-21
-78
-102
-77
-31
24
66
64
17
-45
-96
-106
-65
-4
53
80
62
17
-24
-37
-19
10
48
59
38
-10
-69
-115
-124
-102
-58
0
33
39
19
0
-12
2
28
55
64
44
6
-36
-71
-84
-77
-54
-27
-15
-11
-13
-28
-27
-7
20
45
60
62
49
24
8
-15
-33
-49
-56
-57
-55
-54
-52
-42
-28
-8
13
34
51
62
51
35
12
-20
-42
-52
-54
-51
-46
-36
-29
-28
-27
-24
-10
9
25
34
33
24
12
-6
-13
-8
0
3
-3
-18
-36
-47
-45
-41
-29
-10
6
9
3
0
-2
2
10
22
21
11
-8
-31
-41
-42
-37
-26
-13
-8
-12
-18
-27
-24
-13
1
2
4
10
11
3
4
6
7
7
-9
-23
-40
-52
-56
-45
-38
-23
-5
12
28
46
55
58
50
32
9
-26
-49
-71
-90
-91
-84
-70
-58
-37
-5
31
62
81
84
73
54
28
1
-28
-50
-62
-70
-81
-89
-86
-70
-48
-12
24
51
71
75
69
51
34
27
16
-12
-44
-76
-96
-101
-93
-67
-29
12
39
47
46
35
28
28
25
13
-9
-48
-87
-108
-103
-79
-29
21
58
75
58
39
18
4
-3
-2
-2
-22
-61
-104
-112
-98
-66
-1
50
73
68
44
20
5
10
24
37
39
14
-32
-78
-102
-95
-70
-32
0
21
18
2
-19
-16
11
42
68
71
45
-4
-53
-83
-82
-65
-40
-15
-7
-11
-15
-30
-29
-8
24
39
37
19
-14
-40
-51
-39
-15
9
30
33
25
0
-28
-39
-37
-31
-14
-5
-4
-14
-20
-20
-8
10
25
25
13
-2
-22
-40
-52
-53
-39
-17
0
16
18
16
7
-1
-10
-15
-15
-11
-10
-17
-23
-27
-24
-22
-17
-7
-2
-2
-8
-11
-14
-11
-2
14
26
38
38
26
15
-14
-41
-53
-64
-63
-56
-48
-44
-41
-31
-9
15
42
66
67
51
25
-3
-30
-40
-32
-18
-12
-14
-28
-43
-60
-71
-67
-47
-26
-2
13
23
22
29
41
57
70
73
63
29
-21
-68
-108
-127
-112
-86
-61
-29
0
14
17
21
30
47
61
65
61
33
-3
-35
-50
-59
-54
-40
-29
-26
-39
-59
-74
-69
-44
-3
45
73
83
69
45
16
-10
-30
-33
-36
-40
-46
-61
-71
-72
-50
-3
49
86
97
74
27
-28
-61
-70
-60
-43
-21
-10
-11
-20
-30
-25
1
37
58
62
37
-10
-50
-73
-61
-32
-2
14
7
-21
-52
-81
-88
-62
-9
49
82
81
55
28
15
12
24
25
6
-31
-83
-132
-152
-136
-94
-26
47
95
103
84
53
24
19
25
20
5
-27
-58
-83
-98
-90
-57
-13
23
35
25
-6
-37
-49
-36
-1
33
57
60
43
14
-15
-33
-40
-37
-32
-39
-46
-53
-53
-43
-12
34
64
73
61
25
-16
-52
-73
-75
-55
-27
-5
14
21
19
24
25
22
16
-1
-26
-56
-74
-78
-61
-31
4
32
39
45
31
7
-16
-26
-27
-26
-27
-19
-15
-9
-3
4
8
11
3
-16
-33
-50
-61
-64
-48
-19
17
51
72
66
53
23
-7
-32
-53
-66
-67
-59
-45
-31
-14
5
19
31
36
24
3
-26
-51
-63
-59
-36
-4
29
46
53
51
32
13
-9
-31
-52
-66
-72
-66
-58
-46
-25
8
40
56
58
48
19
-8
-30
-34
-23
-12
1
7
3
-8
-18
-29
-41
-53
-55
-57
-61
-54
-38
-3
42
81
102
101
76
29
-15
-57
-94
-116
-114
-93
-68
-43
-15
15
42
68
81
70
45
17
-20
-49
-50
-41
-28
-12
4
20
18
0
-15
-21
-35
-45
-47
-42
-38
-26
0
30
54
65
61
43
7
-33
-64
-90
-96
-84
-61
-35
-15
7
23
32
24
16
-4
-26
-45
-47
-32
-10
9
29
51
65
57
36
7
-27
-59
-71
-80
-73
-55
-28
6
48
78
91
84
55
18
-21
-64
-94
-107
-102
-83
-55
-19
12
32
43
37
28
9
-19
-50
-70
-75
-69
-48
-14
20
45
54
58
55
36
5
-25
-42
-44
-37
-22
0
11
15
18
13
-5
-31
-57
-72
-70
-50
-25
2
29
60
91
106
103
75
27
-33
-95
-145
-174
-174
-148
-98
-38
20
64
82
86
88
85
78
53
10
-37
-70
-85
-79
-56
-35
-16
-4
-5
-22
-35
-44
-41
-16
20
57
83
87
74
61
39
19
-9
-53
-95
-134
-155
-156
-125
-74
-7
65
117
140
125
90
48
16
-13
-31
-56
-84
-98
-95
-79
-49
-15
12
31
28
2
-30
-48
-52
-34
1
43
68
75
61
45
25
6
-9
-30
-59
-91
-102
-104
-82
-40
12
58
82
79
48
7
-35
-60
-55
-41
-27
-21
-14
-6
6
23
36
46
30
-5
-51
-89
-111
-111
-79
-28
30
69
85
84
59
33
8
0
-11
-34
-53
-75
-82
-76
-44
-1
39
61
53
20
-21
-65
-77
-56
-17
28
57
63
45
22
1
-19
-24
-23
-39
-69
-93
-115
-122
-87
-27
44
96
116
107
66
18
-15
-33
-29
-14
-6
-22
-39
-57
-65
-50
-18
12
37
34
6
-33
-61
-60
-28
22
70
99
92
56
-4
-59
-96
-105
-81
-57
-44
-41
-47
-52
-26
15
65
103
106
76
19
-41
-87
-99
-70
-25
23
38
25
-14
-58
-78
-61
-29
12
40
38
19
-2
-15
0
29
57
76
55
8
-60
-123
-151
-125
-76
-21
25
41
34
13
-7
-6
12
32
46
32
-9
-53
-81
-79
-50
-2
47
59
38
-8
-60
-87
-78
-26
42
85
93
69
32
-9
-38
-46
-45
-44
-49
-70
-91
-99
-75
-23
54
127
159
138
74
-1
-73
-107
-102
-82
-56
-43
-40
-44
-52
-45
-17
25
59
74
53
3
-40
-59
-37
10
58
93
84
46
-16
-79
-123
-134
-108
-67
-22
10
18
21
42
76
112
129
108
41
-53
-135
-187
-198
-155
-80
4
71
95
84
50
8
-17
-15
-7
-10
-22
-35
-44
-29
11
61
91
89
54
-14
-102
-172
-205
-185
-113
-24
66
113
130
125
108
94
82
55
6
-59
-133
-190
-201
-165
-83
12
96
145
143
90
16
-57
-93
-86
-51
-11
16
34
42
50
63
69
44
-2
-72
-153
-228
-264
-238
-151
-13
140
244
280
252
176
81
-1
-71
-122
-154
-175
-189
-164
-116
-49
42
132
197
195
128
20
-83
-147
-154
-100
-12
66
120
140
119
77
22
-35
-95
-154
-205
-241
-258
-222
-129
9
168
300
356
316
204
52
-87
-200
-256
-256
-218
-147
-77
-9
57
116
166
188
162
99
-7
-118
-194
-199
-128
-4
124
216
243
192
96
-24
-146
-232
-273
-278
-254
-209
-136
-33
99
234
340
382
331
204
17
-175
-317
-378
-351
-260
-134
0
107
174
206
200
176
120
42
-44
-129
-185
-183
-115
5
144
246
275
223
95
-67
-214
-322
-379
-369
-303
-191
-55
96
239
353
419
412
316
149
-55
-247
-382
-413
-353
-234
-87
43
136
188
200
181
122
30
-79
-174
-231
-228
-157
-24
137
274
336
297
160
-29
-219
-342
-375
-329
-232
-115
13
139
269
384
455
452
356
166
-98
-377
-599
-689
-620
-421
-164
81
253
325
315
275
222
160
87
-12
-110
-183
-213
-167
-47
128
298
398
383
236
11
-221
-379
-424
-355
-222
-63
83
194
252
266
229
142
-4
-192
-392
-566
-659
-629
-452
-165
169
459
644
685
605
448
256
70
-79
-206
-290
-324
-300
-212
-70
99
253
335
314
191
-7
-224
-399
-507
-539
-485
-352
-171
29
200
312
335
290
204
89
-7
-70
-67
-3
99
211
297
338
305
199
19
-233
-529
-806
-968
-943
-709
-293
211
719
1114
1295
1239
958
554
149
-176
-393
-550
-719
-887
-971
-866
-538
-69
383
654
640
367
26
-133
65
570
1140
1445
1225
359
-1102
-2748
-3885
-3864
-2451
-96
2618
5182
6931
7060
5036
1516
-1885
-4863
-9197
-16389
-23613
-23953
-12240
7829
25884
32768
27729
16059
4664
-2144
-3588
-2129
-1223
-2629
-5329
-7584
-8490
-7997
-6308
-3997
-2119
-1191
-829
-414
241
1022
1729
2068
1839
1166
410
-167
-380
-145
407
984
1381
1510
1375
1089
836
681
551
331
-24
-516
-1016
-1331
-1328
-1018
-481
129
634
941
1003
850
571
262
0
-191
-311
-387
-440
-457
-431
-340
-232
-139
-83
-85
-123
-185
-233
-234
-171
-35
147
321
450
497
456
325
128
-95
-309
-481
-568
-550
-442
-259
-51
140
292
389
415
375
270
101
-95
-285
-430
-481
-407
-205
74
349
543
605
538
366
153
-53
-216
-321
-377
-387
-350
-266
-155
-18
129
246
289
222
60
-138
-298
-355
-287
-120
75
239
322
329
276
176
84
3
-83
-167
-248
-315
-324
-253
-87
149
383
529
528
381
125
-159
-391
-526
-556
-505
-391
-253
-114
28
173
303
399
424
355
204
2
-200
-316
-326
-228
-67
92
196
222
177
84
-23
-115
-178
-206
-201
-165
-103
-10
116
234
336
363
298
146
-51
-251
-394
-454
-423
-328
-188
-24
131
260
345
384
357
265
121
-50
-207
-310
-333
-275
-155
-16
95
160
161
110
32
-39
-100
-140
-165
-165
-130
-53
53
182
283
347
333
227
59
-128
-295
-395
-407
-341
-219
-83
38
121
180
221
234
217
153
56
-69
-191
-268
-278
-214
-97
43
157
201
178
94
-16
-101
-139
-137
-106
-60
-12
42
100
163
209
229
203
123
-5
-156
-287
-365
-361
-266
-123
27
148
213
212
180
131
83
33
-24
-92
-152
-185
-181
-147
-71
33
115
156
136
59
-43
-133
-171
-153
-86
1
76
129
153
153
138
114
73
17
-55
-148
-232
-286
-284
-210
-80
71
196
254
233
162
78
-2
-61
-95
-107
-101
-93
-91
-78
-58
-17
33
67
74
37
-37
-103
-139
-125
-56
45
130
177
177
133
73
5
-50
-88
-105
-114
-131
-148
-146
-108
-39
56
147
201
189
123
27
-54
-113
-133
-114
-74
-23
15
15
-1
-12
-7
-2
8
6
-24
-67
-100
-96
-60
15
91
145
157
122
46
-33
-103
-139
-138
-113
-73
-43
-30
-23
-2
29
72
117
126
99
45
-27
-86
-102
-88
-47
2
35
34
-2
-49
-84
-89
-65
-20
19
29
26
15
8
12
41
75
87
64
8
-68
-139
-183
-173
-118
-39
36
75
79
60
39
26
29
37
35
20
-20
-64
-96
-105
-77
-28
29
64
58
21
-29
-63
-70
-36
23
67
81
63
15
-34
-61
-67
-51
-33
-20
-27
-50
-71
-74
-45
11
76
118
111
63
-6
-63
-92
-92
-63
-27
0
-1
-16
-35
-42
-23
15
55
76
63
20
-24
-61
-61
-29
23
64
74
47
-12
-83
-133
-139
-102
-49
4
35
44
37
24
30
46
64
69
51
3
-67
-124
-142
-129
-79
-16
36
62
48
8
-30
-49
-38
-7
33
56
53
28
0
-10
-3
10
28
20
-14
-64
-111
-138
-139
-92
-24
45
97
117
98
67
27
2
-11
-19
-28
-55
-79
-95
-91
-69
-27
23
58
63
41
-10
-53
-76
-61
-26
22
58
72
64
41
17
-4
-17
-31
-49
-65
-89
-98
-92
-66
-16
49
102
123
100
53
-2
-46
-70
-70
-63
-49
-37
-28
-22
-17
-3
22
39
36
6
-36
-73
-100
-91
-58
-4
50
83
91
76
55
21
-7
-40
-49
-54
-72
-88
-87
-66
-22
27
63
78
55
19
-18
-45
-56
-42
-14
19
45
57
51
29
5
-12
-33
-52
-75
-110
-139
-142
-105
-42
37
104
140
145
131
97
44
-6
-48
-81
-100
-112
-115
-116
-100
-61
-9
35
56
53
38
16
1
3
15
35
52
66
60
38
6
-37
-85
-107
-117
-122
-120
-107
-74
-23
41
101
151
163
144
106
51
-17
-80
-122
-141
-134
-110
-79
-48
-13
22
42
57
61
53
24
-9
-34
-42
-31
-16
-1
10
19
19
10
-7
-34
-58
-71
-67
-50
-36
-8
25
50
67
66
50
22
-14
-50
-73
-78
-75
-66
-46
-17
20
46
67
66
53
28
-2
-42
-76
-94
-94
-72
-32
7
34
52
56
55
44
22
-3
-34
-65
-84
-80
-56
-35
-6
21
38
39
27
7
-17
-35
-44
-38
-25
-15
1
22
43
55
51
35
7
-29
-61
-84
-94
-88
-65
-33
-2
24
29
33
33
33
23
9
-10
-27
-41
-50
-43
-20
10
32
40
32
-1
-39
-67
-81
-79
-58
-32
-10
15
42
62
79
87
79
57
16
-38
-88
-123
-128
-117
-85
-43
0
33
44
51
45
34
27
18
9
-9
-27
-40
-40
-28
-11
8
7
-6
-28
-53
-66
-69
-62
-35
14
47
61
64
50
40
27
12
-1
-26
-57
-75
-83
-82
-62
-27
9
39
49
46
31
6
-26
-44
-47
-42
-31
-22
-9
8
23
36
36
31
15
-8
-32
-59
-77
-84
-73
-46
-6
27
46
50
43
29
13
-6
-22
-24
-26
-30
-22
-15
-12
-7
1
9
5
-2
-23
-49
-61
-61
-48
-23
5
36
55
61
47
26
3
-24
-42
-49
-52
-51
-51
-51
-36
-9
20
49
65
54
30
-9
-49
-74
-81
-60
-26
5
29
31
24
12
-1
1
11
11
1
-22
-49
-70
-71
-56
-27
12
37
41
19
-22
-49
-50
-26
11
43
61
51
29
6
-19
-31
-35
-31
-29
-50
-82
-102
-106
-85
-25
48
104
137
129
86
30
-15
-35
-43
-40
-37
-51
-75
-101
-105
-85
-38
19
70
81
58
25
-11
-29
-20
7
39
50
41
6
-48
-94
-111
-95
-54
-14
8
7
-5
-13
-7
17
53
75
73
45
-8
-59
-99
-111
-91
-48
2
40
49
36
19
11
13
26
33
19
-4
-41
-79
-100
-94
-73
-26
22
51
55
35
10
-7
-10
1
18
27
24
11
-20
-44
-64
-79
-75
-59
-42
-34
-25
-19
-12
2
29
57
87
101
92
57
8
-41
-84
-105
-101
-83
-63
-46
-37
-31
-19
-5
19
39
60
69
61
36
10
-15
-25
-21
-12
-8
-6
-22
-54
-77
-89
-82
-61
-32
2
25
28
30
36
35
35
44
43
28
3
-26
-55
-75
-78
-68
-47
-23
-4
6
4
1
-1
-3
5
14
22
22
17
8
0
-9
-17
-17
-23
-23
-28
-38
-42
-49
-48
-31
-12
12
32
38
29
6
-10
-21
-32
-37
-36
-24
-13
-5
-3
-8
-10
-5
7
18
22
11
-4
-24
-39
-46
-36
-20
5
29
32
14
-14
-36
-41
-35
-11
8
14
-5
-26
-41
-34
-12
22
46
55
42
5
-45
-80
-84
-69
-33
-6
8
3
-21
-38
-33
-1
40
70
78
65
31
-12
-48
-65
-53
-29
-11
-16
-43
-76
-97
-87
-41
18
69
97
100
73
36
4
-20
-26
-20
-24
-51
-83
-109
-113
-93
-45
19
70
93
82
57
20
-8
-23
-23
-26
-38
-50
-71
-87
-77
-42
4
52
82
90
71
38
9
-17
-29
-34
-40
-48
-63
-75
-80
-65
-31
4
39
60
68
63
53
48
33
17
-4
-31
-64
-92
-109
-114
-102
-76
-39
-2
27
44
57
71
77
77
57
28
-5
-42
-67
-87
-87
-80
-72
-53
-31
-3
23
41
54
55
47
30
14
-6
-21
-27
-30
-31
-36
-34
-32
-31
-29
-16
-5
-3
-2
-11
-10
-6
0
9
16
20
11
-7
-28
-42
-44
-35
-24
-14
-9
-18
-23
-25
-16
3
21
36
36
24
2
-16
-25
-22
-10
-4
-4
-9
-20
-36
-40
-40
-23
-13
-9
2
4
-2
-1
5
23
31
31
23
3
-23
-49
-65
-72
-69
-59
-37
-22
-6
7
22
30
33
37
40
38
23
5
-14
-36
-55
-65
-66
-63
-48
-21
4
13
8
-3
-6
3
29
43
55
49
28
-9
-45
-64
-67
-61
-41
-21
-21
-35
-49
-59
-39
6
66
103
101
71
14
-42
-76
-79
-53
-19
1
-3
-29
-63
-84
-80
-32
43
99
112
76
9
-62
-92
-68
-13
42
73
64
15
-52
-108
-123
-82
-17
52
79
56
-10
-82
-113
-87
-16
62
110
102
41
-28
-83
-96
-71
-11
57
80
54
-5
-84
-132
-129
-70
10
64
71
38
-17
-52
-48
-5
56
105
125
92
29
-53
-127
-151
-121
-63
-11
9
-5
-37
-63
-57
-22
31
76
105
100
69
23
-24
-53
-56
-31
-1
5
-18
-56
-98
-119
-111
-79
-40
9
42
57
61
58
45
45
53
65
68
49
10
-42
-91
-126
-132
-116
-86
-54
-29
-20
-14
-15
-4
19
57
102
131
139
111
55
